gene	AUGLS01_trimmed	AUGLS05_trimmed	AUGLS16_trimmed	SEPLS01_trimmed	SEPLS05_trimmed	SEPLS16_trimmed
A4VLM0	8.730631804741275e-05	0.0	0.0	0.0	0.00022119058933825012	0.0001770441663090935
A8A0L0	0.0	0.0	0.0	0.00012632149860339513	0.0	0.0
AAB58161	7.821013885454696e-06	2.4888744477617333e-05	8.47972971914895e-06	1.8362332477934613e-05	9.90727079801315e-06	0.0
AAC27754	7.8582006969319e-06	1.6449865224748647e-05	2.5560145640223368e-05	0.0	0.0	8.716214836684842e-06
AAC43174	3.359058740532775e-05	1.757910802193938e-05	5.3536982099790805e-05	0.0001892751634811527	0.0	0.0
AAC44147	0.0	0.0	6.61615974228906e-05	0.0	0.0	0.0
AAC60780	0.0	0.0	0.0	0.0	8.298555840254064e-05	2.5230384310230602e-05
AAC60781	0.0	0.0	0.0	0.0	3.7224757717900625e-05	0.0
AAC76696	0.0	6.665237269273609e-05	0.0	0.0	0.0	0.0
AAG07763	0.00010820788675199962	5.898844106379659e-05	8.030940848242547e-06	9.375752040415449e-05	2.9168671999258434e-05	5.283741464481193e-05
AAK63223	0.0	0.0	0.0	0.0003600719381207556	0.0	0.0
AAK69613	0.0	0.0	0.0	0.0	0.0	6.963091356205799e-05
AAP43530	0.0	0.0	0.0001950675505079486	0.0001408022557603697	0.0	6.790542555769089e-05
AAQ92181	2.971869526929379e-05	1.653843797234646e-05	8.47939946016316e-06	5.50848519673202e-05	0.0	1.7891424049609705e-05
AAR05762	0.0	0.0	0.0	0.0	0.0	0.000188766862015413
AAR96043	0.0	5.570522542017155e-05	0.0	0.0001312021019585263	7.865466225695351e-05	0.0
AAS87172	0.00479640457705708	0.0025013935469496208	0.005034821148392069	0.010196140701609822	0.004081853732797844	0.0034506409986589173
AAS89471	0.0	0.0	0.0	0.0	0.0	0.00010822633422217013
AAZ14842	0.00011991343291080254	0.0	0.0	0.0	7.67173553048118e-05	0.0
AAZ91706	0.00011991343291080254	0.0	0.0	0.0	0.0002270833717022429	0.0
AB084246.gene.p01	0.0	0.0001964665948199852	0.0	0.00014396240613903137	0.0001553478616147311	6.942948747793831e-05
AB715422.1.gene3.p01	0.0	0.0	0.0	0.0	0.0	0.00016517100426348638
ABB72057	0.0003089300484754605	0.0	0.0	0.0	0.0	0.0
ABC36050	7.72488532224314e-06	1.617079116815536e-05	0.0	0.0	0.0	0.0
ABG69871	0.0	0.00012095991805522966	0.00016157110244092714	0.0	0.0	0.0
ABG71850	0.0	0.0	6.462844097637085e-05	0.0	0.0	0.0
ABK51578	0.0	0.0	0.0	0.0	0.0	6.37098958321585e-05
ABM94007	0.0019118489444642462	0.0018097078044772726	0.0010963024487728593	0.0021552131948387255	0.0014972535918471022	0.0011782430123082046
ABQ96629	8.81301432999997e-05	0.0	0.0	0.0	0.0003349166263844472	0.00020365170418150294
ABR13270	2.0645096541309753e-05	0.0	0.0	0.0	0.0	0.0
ABW39616	0.0	0.0	0.0	0.0	7.767393080736555e-05	0.0
ACA48664	0.0	0.0	0.0	0.0	0.0	0.00013528291777771266
ACB17731	0.0	0.0	2.1292622057618512e-05	0.0	2.4877181196967003e-05	0.0
ACB18310	0.0	0.0	1.6795915952875546e-05	1.8556388576583596e-05	0.0	0.0
ACI75321	0.0	6.716377197170849e-05	0.0	0.0	7.966047635231097e-05	0.0
ACN65403	0.0001762602865999994	0.0	0.0	0.0	0.0	0.0
AF001493.1.orf0.gene.p01	0.0	0.0	0.0	0.000395624799751864	0.0	0.0
AF047479.2.gene10.p01	0.0	0.0	0.00020273180154184773	0.0	0.00023212396447664272	0.0
AF133140.gene.p01	6.162798920993841e-05	0.0	0.0	0.0	0.0	0.00014241035538953075
AF170880.4.gene1.p01	0.0	0.0	0.0	0.0	9.521434627163697e-05	0.0
AF191564.1.gene5.p01	0.0001707521526437494	0.00018054461453144888	0.0	0.0	0.0	0.0
AF250872.1.gene1.p1	0.00016334891245919526	6.978456810878634e-05	0.00018456391317290521	0.0005692152731123757	0.00032671936629811456	0.0006933486044705286
AF313472.2.gene15.p01	0.0	0.0	0.0	0.0	9.799133652866297e-05	0.00042135308773013426
AF326777.3.gene18.p01	0.0014483525057124606	0.002273558084859291	0.0024468062157321224	0.004091109195682121	0.001698164932738894	0.0018057489737342905
AF326777.3.gene20.p01	0.0	6.548886493999505e-05	0.0	0.0	0.0	7.084641579381461e-05
AF332513.1.gene1.p01	8.597311182062908e-05	0.00018364360028627985	0.0	0.000201849387628502	0.0	0.0
AF353562.gene.p01	0.0	0.00013806614523419986	0.0	0.0	0.0	0.0
AF371964.1.gene1.p1	0.0	0.0	0.0	0.0	0.00023418982145679388	0.0
AF516720.1.gene1.p1	0.0	9.182180014313992e-05	0.0	0.0	0.0	0.0
AGC41079.1	0.0009430340063186085	0.00020596890071323935	0.0019278283775951565	0.0002263879406343199	0.00084280783980745	0.0005481345515605205
AJ295238.gene.p01	0.0	0.0	0.0	0.0	9.748746871284379e-05	0.0
AJ308558.1.gene1.p01	0.0	0.0	0.00018642819512414667	0.0	0.0	0.0
AJ310778.1.gene12.p01	0.0	0.0010504413936375206	0.0001789210194815636	0.0	0.00020068024431948617	0.0005605615666842939
AJ400619.1.gene1.p01	9.243725556654103e-05	0.0	0.0	0.00041668998396452263	0.000114753012513829	0.0
AJ487033.2.gene3.p01	0.0	0.0	0.0	0.0	0.0	0.00014568929606830592
AJ567827.1.gene1.p01	0.0	0.0	0.0	0.0	0.00011843059412073606	0.0
AJ746225.1.gene1.p01	0.0	0.0	0.0	0.0	0.0	9.734693873654988e-05
AJ809407.1.gene1.p01	0.0	0.0	0.0	0.0	0.0	0.00021937770450439892
AM183304.1.gene1.p01	0.0	8.814892813741433e-05	0.0	0.0	0.0	0.0
ASK40562.1	0.0	7.29739907828625e-05	3.7040249078779274e-05	8.020837823570604e-05	0.0	0.0
AUI09862.1	0.00024331289318880756	0.00018117368984340516	0.0	0.0	0.00010852699043119718	9.700775079670127e-05
AY027590.1.gene1.p1	0.0	0.0	0.0	0.0	0.0	9.933361095566314e-05
AY130282.1.gene1.p1	0.003554656466501185	0.0024627474405950534	0.00249589186869081	0.004500128788435753	0.001576982625288469	0.0030937179378095346
AY130284.1.gene1.p1	9.420808421724105e-05	0.00010061699172773188	0.00010214265096840221	0.00021675994775676837	0.0	0.00010884832464873433
AY130285.1.gene1.p1	0.00047104042108620534	0.0005030849586386594	0.0015321397645260333	0.0026542034419196124	0.0011814472716941016	0.0011929776381501282
AY136758.1.gene3.p01	0.0	0.0002639998211522869	0.0	0.0	0.0004845127195028335	0.0
AY139603.1.gene1.p01	0.0	0.0	0.0	0.0	0.00034818594671496406	0.0
AY162283.2.gene7.p01	0.0013328745082434054	0.0002841357868035917	0.0	0.0009400666452897251	0.0008374013746910801	0.00031048538506360285
AY171578.gene.p01	0.0009233695131050074	0.0018019539864260663	0.0012280263206268128	0.00428667973973432	0.0015805570705362192	0.0017680326009565958
AY232670.1.gene3.p01	0.00011708719038428531	0.0	0.00031483283389917803	0.0	0.0	0.00031656202759984764
AY327539.1.gene1.p01	0.0	0.0002764319456940844	0.00018708232914212613	0.00040511526218773035	0.0	9.968214994147249e-05
AY339985.2.gene4.p01	0.0	0.0	0.0	0.0	0.00019286220590559498	0.0
AY528425.1.gene1.p1	0.0	0.00018364360028627985	0.0	0.0	0.0	0.0
AY628176.1.gene1.p01	0.0	0.0	7.084271414717575e-05	0.0	0.0	0.0
AY826417.1.gene1.p01	0.0004229877101574951	0.0007088642971050401	0.0001696496575629735	0.00018570143661822186	0.00017860658690963595	0.00016290712196728756
AY853593.1.gene1.p1	0.0	0.0	0.0	0.000201849387628502	0.0	9.933361095566314e-05
B6IBA3	0.0	0.0	0.0	0.00012379506863132724	0.0	0.0
B7LM76	0.0	0.0	0.0	0.0	0.0	4.218367345250495e-05
B7NJS0	0.0	0.0	0.0	0.0	9.583768078078027e-05	0.0
BAB59035	0.0	0.00016711567626051467	0.00016618741965352505	0.0	0.0	0.0
BAC67134	6.009113162365565e-05	0.0	0.0	0.0	0.0	0.0
BAC67136	6.131748124862822e-05	0.0	0.0	0.0	0.0	0.0
BAC67142	6.009113162365565e-05	0.0	0.0	0.0	0.0	0.0
BAC67143	6.131748124862822e-05	0.0	0.0	0.0	7.767393080736555e-05	0.0
BAC67144	0.000372550151222726	0.000253326144172685	0.0	0.00014578011328725146	0.00030675318280211865	7.174094124575671e-05
BAC77251	4.429483053928814e-05	4.0811630422009605e-05	5.884816176440238e-05	0.00012669970188497332	9.503219440568015e-05	0.0001607433945963916
BAG76424	0.0	0.0	0.0	0.0001379862106451623	0.0	0.0
BX664015.1.gene104.p01	0.0010845802484637497	0.00063554102583092	0.0004625802795911475	0.0007433587584937874	0.00038969614034376626	0.0006434277952386552
CAA37477	0.0	0.0	0.0	0.0	0.0	4.1992797102041125e-05
CAA67774	0.0007836822085172849	0.0004748570683566874	0.0010858463405139568	0.0015710702839088556	0.0007025908515686882	0.0011649156454119202
CAC14594	0.0	0.0	0.0	0.0	5.270261633460843e-05	0.0
CAC41338	0.0	0.0002639299984013871	0.0	0.0	0.0	0.0
CAG34257	1.5446502423773024e-05	4.124329189762701e-05	0.0	0.0	9.783429913037986e-06	0.0
CAI46978	0.0	0.0	0.0	0.00039405409461946473	0.0007292495197977803	0.0013147837428799133
CAL26907	0.0012724020549453104	0.0008172140212739453	0.0011111120429399142	0.000799323575008868	0.0006534387325962291	0.0011800832981532778
CAR51973	0.0	0.0	0.0	0.0	0.0	9.053350138087843e-06
CAS07946	2.0645096541309753e-05	0.0	2.2383905879725422e-05	0.0	0.0	0.0
CAY49157	0.0	0.0	0.0	0.0	0.0	8.942213639697721e-06
CAY51926	0.0	8.336836457440641e-06	8.463248223096183e-06	1.832664281325447e-05	0.0	0.0
CP000034.1.gene2880.p01	6.17860096950921e-05	4.489065784775729e-05	2.2785668292951258e-05	0.0	0.0	2.4281549344717654e-05
CP000647.1.gene3710.p01	7.753070714635108e-06	0.0	0.0	3.677711429416606e-05	1.9842840277487806e-05	0.0
CP000675.2.gene2298.p01	6.980711578804538e-05	4.959308227249384e-05	3.3112860918501796e-05	1.7925965261253657e-05	8.823079261994837e-05	1.76433615200591e-05
CP000675.2.gene810.p01	0.0	0.0	0.0	4.144640759305241e-05	0.0	0.0
CP001918.1.gene3442.p01	1.7934580584026196e-05	7.585244199133081e-05	7.778039942451635e-05	0.0	0.00015675856976725	6.133615002963253e-05
D16171.1.gene1.p01	0.0003076345632288482	0.0005923722014348576	0.0009689839540909302	0.0005166606973928451	0.00027876074272765766	0.00025425775779592023
DQ105529.2.gene1.p01	0.0	8.998536414027712e-05	0.0	0.0	0.0	0.0
DQ286729.1.gene1.p1	0.0	8.998536414027712e-05	0.0	0.0	0.0	0.0
DQ369751.1.gene1.p01	0.0	0.0	0.0	0.0	0.00010672832632405075	0.0
DQ464881.1.gene4.p01	0.0	0.0	0.0	0.0	0.0	0.000341610116302494
DQ522237.1.gene5.p01	0.0	0.0	0.0	0.0	0.00011326271365001304	0.00010330695539388967
DQ909059.1.gene1.p1	0.00034217298504610373	0.00018364360028627985	0.00046607048781036666	0.000403698775257004	0.00010890645543270484	0.00039733444382265257
EEB58431	0.0	0.0	2.491204486365753e-05	0.0	0.0	0.0
EEQ96502	6.64548918397295e-05	8.517092380844763e-05	0.00017832864583598273	0.0007489157819902907	0.0	0.0003723936533962171
EF136376.1.gene1.p01	0.0	0.0	0.0	0.0	0.00010890645543270484	9.734693873654988e-05
EF468463.1.gene1.p01	0.0016162945022278267	0.0017299227146967563	0.0032382577493064277	0.004234800152445972	0.00192982239026753	0.001186043314810618
EU274580.1.gene1.p1	0.0	0.0	0.0	0.0	0.0	0.00019866722191132628
EU675686.2.gene7.p01	0.0020158350000706047	0.001284837407093827	0.0	0.0014122117156263195	0.0010245127280160272	0.0011551595921316753
FJ360884.1.gene1.p01	8.253418734780392e-05	0.0	0.0	0.0	0.0	0.0
FJ381668.1.gene1.p01	0.0	0.0	0.0001865132574184999	0.0	0.00010421892282624773	0.0
FJ460181.2.gene2.p01	0.0	0.0	0.0	0.0	0.00013052179382525312	0.0
FN652295.1.gene1.p01	8.425364958421649e-05	8.998536414027712e-05	0.0	0.0	0.0	0.0
FR848831.1.gene1.p01	0.0	0.0	9.321409756207333e-05	0.0	0.0	9.933361095566314e-05
HM246246.1.gene1.p1	0.0008575712323093234	0.002476830233418996	0.002611669314824081	0.003220666334392456	0.0013027199134903254	0.0010885290773608796
HQ317449.1.gene1.p1	0.0	0.0	0.0	0.0	0.0	9.734693873654988e-05
HQ877606.1.gene1.p01	0.00017194622364125815	0.0	0.00027964229268622	0.0	0.0	0.0
JF795538.1.gene1.p01	0.0	8.447605613168873e-05	0.0	0.0	9.801580988943437e-05	0.00016886713862462733
JF949915.1.gene1.p01	0.001753508958782982	0.003429628374844415	0.0016845235776002478	0.004328519386048464	0.0014791839655169032	0.0016909825746446044
JF949916.1.gene1.p01	0.0015572596321109947	0.001963324985727271	0.0024289522400286045	0.002057165655787814	0.001967714922062528	0.003709006662405622
JN935135.1.gene1.p1	0.0015389187015892604	0.0030227736607121663	0.0017673392897769105	0.004436649540074474	0.0031365059164619	0.002576713868189902
JN935136.1.gene1.p1	0.0	0.0	9.134981561083188e-05	0.0	0.0	0.0
JX310327.1.gene1.p01	0.0	0.0	0.0	0.0	0.00010019393899808845	0.0
KC149518.1.gene1.p01	0.0	0.0	0.0	0.0	0.00010672832632405075	0.0
KC865667.1.gene1.p01	0.0	0.0	9.134981561083188e-05	0.0	0.0	0.0
KC900516.1.gene1.p1	0.0	0.0	9.321409756207333e-05	0.000201849387628502	0.0	0.0
KJ363320.1.gene3.p01	0.0	0.00010139395691481861	0.0	0.0	0.0	0.0
NC_002695.1.912329.p01	0.0	5.746397120555365e-05	0.0	0.0	0.0	0.0
NC_002695.1.915390.p01	0.0	6.716377197170849e-05	0.0	0.0001476443091093391	0.00023898142905693292	0.0
NC_008702.1.4607681.p01	3.425237211241779e-05	0.0	0.0	0.0	0.0	1.9787650660023638e-05
NC_008702.1.4608931.p01	0.0	0.0	1.8411590743268437e-05	0.0	0.0	0.0
NC_009085.4918693.p01	0.0	2.3281059256150723e-05	0.0	0.0	0.0	0.0
NC_010400.5984909.p01	0.0	0.0	8.391322600803582e-06	0.0	1.9607961129212206e-05	0.0
NC_010410.6003262.p01	1.616588427396444e-05	0.0	1.7527437148424047e-05	0.0	0.0	0.0
NC_010558.1.6276004.p01	0.00022455077607945128	0.0001199134011001736	0.0003627603245214788	0.0005272047932580053	0.00014222486873860084	0.00025944669162849003
NC_010558.1.6276115.p01	7.983217526201271e-05	0.0	0.0	0.0	0.00010112742290179736	0.0
NC_011595.7058890.p01	0.0	0.0	0.0	0.0	4.3925603691190953e-05	0.0
NP_290714	0.0	0.0	0.0	2.8174194661664997e-05	0.0	0.0
NP_348076	0.0	0.0	0.0	0.0	0.0	4.7058536429425194e-05
NP_462120	0.0	0.0	0.0	0.00016433781529987673	0.0	0.0
NP_511233	0.006878438224268432	0.0061065301476677354	0.0053891194107253074	0.009641173384839842	0.005396200668105544	0.004231621988717486
NP_745564	0.0	0.0	0.0	0.0	0.0	8.942213639697721e-06
NP_755652	0.0	0.0	0.0	0.00015612961423056547	0.0	0.0
NP_756937	0.0	0.0	1.2750633120887222e-05	0.0	0.0	1.3033112722948013e-05
NP_840140	0.00043952729928870184	0.0002770394884318736	0.0001913996136607906	0.0006090084381019946	0.0005590531378878848	0.0002934598677947305
P14171	0.0	0.0	0.0	0.0	0.0	0.00028312452280304917
P39386	0.0	0.0	0.0	0.0	0.0	6.790542555769089e-05
P42670	0.0	0.0	0.0	0.0	0.00011269977769747819	0.0
P51563	6.131436076612194e-05	0.0	0.0	0.0	0.0	0.0
P58777	0.00253293275417621	0.0015516794102362463	0.0015532958862060637	0.0023407892820655435	0.0019655476859674636	0.0021923245442607405
Q00983	0.0	0.0	0.0	0.0	0.0	0.00032343023727163917
Q0K7S4	0.0	0.0	9.098713959983952e-05	0.0	0.0002041048218676003	0.0
Q0SYP9	6.162798920993841e-05	0.0	0.0	0.0	0.0	0.0
Q0T4A9	0.0	0.0	5.716859357701951e-05	0.0	0.0	0.0
Q2NWE3	7.205365562109865e-05	0.0	0.0	0.0	0.0	0.0
Q4KC13	0.0	0.0	0.0	0.0	0.0	0.00020586530966173666
Q5P6K4	0.00026562553847763414	0.00018785265798627196	0.0	0.0	0.0	0.0
Q5PGK9	0.0	0.0	0.0	0.0	0.0	2.922779087790088e-05
Q880L3	8.196103326899972e-05	9.324570342072196e-05	0.0	0.0	0.00022119058933825012	0.00040349600693700386
Q8CVH8	0.0	1.7937865328509573e-05	0.0	0.0	0.0	0.0
Q8Y1I9	8.22407637579724e-05	0.0	0.0	0.0	0.0	0.0
Q9I2E5	0.0	0.0	9.624271445037177e-05	0.0004084790351228631	0.0	9.43561722550689e-05
U12338.3.gene8.p01	0.0	0.0	0.0	0.0	0.0	6.780289435159823e-05
U14748.1.gene2.p01	0.0	0.0	0.0	0.0007595911166019944	0.0009077782954218974	0.00025605852266215746
U95363.2.gene1.p01	0.0	0.0	0.0	0.000201849387628502	0.0	0.0
X57972.1.gene1.p1	0.0	0.0	0.0	0.0	0.0002178129108654097	0.0002960141606478761
X58272.1.gene1.p01	0.0	0.0	0.0	0.00021188893769481852	0.00011665635301031307	0.00021067654386506713
X65254.1.gene1.p01	0.00016850729916843298	0.0	0.0	0.000197812399875932	0.0	9.734693873654988e-05
X97254.1.gene1.p01	0.00032784413307599894	0.00025984602895243934	0.0006192425094604376	0.0011221692762600132	0.0004218539317175047	0.000757584339555191
Y08743.gene.p01	5.997148775780467e-05	0.0	0.0	0.0	0.0	0.0
YP_001007250	2.1400127691905787e-05	2.2855962827814615e-05	2.367604964720513e-05	0.0	0.0	0.0
YP_001025938	0.0	1.6500807314444243e-05	0.0	0.0	1.6831059866935647e-05	0.0
YP_001116031	0.0	0.0	0.0	0.0	1.9089619342513144e-05	0.0
YP_001119417	0.0	0.0	0.0	0.0	9.935325758773073e-06	1.8124027262085904e-05
YP_001155044	0.0007124929426750668	0.00031894590169852114	0.0	0.00032770214773007495	0.0013116794131943755	0.0
YP_001174764	0.00018347622168339532	0.0	0.0	0.0	0.0	0.0
YP_001176513	0.0	0.0	4.433482767197431e-05	0.0	0.0	0.0
YP_001178170	9.006706952637331e-05	9.427038148029033e-05	0.0	0.0	0.00011181062757757698	0.0
YP_001186705	3.852249154629485e-05	4.06267074563184e-05	2.6038843353065836e-05	0.0	4.961508252810305e-05	0.0001007505230332739
YP_001187667	0.0004400951134226724	0.00018649140684144392	0.000564093892435063	0.00020916277123823036	0.0002234476361682323	0.0003046806582993702
YP_001187672	1.5169369707954623e-05	3.273330121816637e-05	0.0	0.0	5.764740571988388e-05	2.6468952373505255e-05
YP_001266290	7.75962445150293e-06	0.0	0.0	0.0	1.0034287090295368e-05	2.783039117202254e-05
YP_001345921	0.0	0.0	0.0	1.802879106581152e-05	9.72731081219838e-06	0.0
YP_001348697	0.0	0.0	0.00018478601174471375	0.0	0.00011244493232402017	0.0003015295069890245
YP_001350280	6.360433819499977e-05	2.459284860677234e-05	1.5712710355257155e-05	5.5952068628285735e-05	1.794995199954365e-05	4.409319461556489e-05
YP_001373621	0.0007051741730313938	0.0005020977730594439	0.0005130644630341139	0.00021058349949569757	0.0003761176906113641	0.0002108371511026239
YP_001401993	0.0	3.250128074373517e-05	0.0	0.0	0.0	0.0
YP_001401994	0.0	2.3322411048790425e-05	0.0	0.0	2.7661852800846882e-05	2.4725776624025988e-05
YP_001416709	0.0	0.0	8.740731771394418e-05	0.0	0.0002001593529749411	0.0
YP_001451632	0.00018347622168339532	0.0	0.0	0.0	0.0	0.0
YP_001451669	0.0	0.0	0.0	0.0	7.986473398398354e-05	0.0
YP_001455919	1.6760947498772948e-05	0.0	0.0	3.935168702232554e-05	0.0	1.9365652851615306e-05
YP_001455939	0.0	0.0	0.0	0.0	0.00011451193475644703	0.0
YP_001460869	1.1760148258216651e-05	2.5633025711018076e-05	0.0	0.0	0.0	0.0
YP_001462039	5.997148775780467e-05	6.405130449009273e-05	0.0	0.0001379862106451623	7.444951543580125e-05	6.929125056907234e-05
YP_001465585	1.2000151283894542e-05	0.0	0.0	0.0	0.0	0.0
YP_001477377	4.323699268364638e-05	9.235674775321008e-05	2.367604964720513e-05	5.126902740830513e-05	0.00010456180358720121	2.2707345879207543e-05
YP_001477378	5.9351093056861866e-05	8.473388089071134e-05	0.0	6.540715624730475e-05	3.83586776524059e-05	0.00013784862828728996
YP_001563294	0.0019062646137764443	0.0011096480903698173	0.0008569731273466776	0.001037021413880192	0.0014067229035331621	0.0021053957509274716
YP_001570595	0.0	0.0	0.0	0.0	0.00020446769969641304	0.0
YP_001579800	0.0	0.0	0.0	0.0	0.0	1.8124027262085904e-05
YP_001605795	2.143820621093053e-05	0.0	0.0	0.0	2.6048408788726307e-05	2.52752782324908e-05
YP_001605796	0.0	0.0	0.0	0.00014289337837067223	7.555520130861018e-05	3.516016427391047e-05
YP_001616633	0.0	0.0002566224903023259	0.0	0.0	9.739855506059753e-05	0.0
YP_001639853	0.0	0.0	0.0	0.0	0.00020911578756937038	0.0
YP_001668663	0.0	0.0	0.0	1.8449640416027987e-05	0.0	8.897802645782444e-06
YP_001670703	1.584256658848515e-05	8.632818816876403e-06	0.0	0.0	2.0478136918970142e-05	9.33905744027602e-06
YP_001726662	0.0	0.0	0.0	0.0	0.0	6.823829529081683e-05
YP_001749316	7.584684853977311e-06	1.6201330905961133e-05	0.0	0.0	0.0	0.0
YP_001764894	7.835662836424445e-06	0.0	0.0	0.0	0.0	1.7744566270652177e-05
YP_001797193	0.002588335264160511	0.0015906149928568152	0.00046487628584871734	0.0013518018704282043	0.0011461299867039575	0.0005924525217695844
YP_001811890	2.3065956829924873e-05	1.6423411407716083e-05	0.0	0.0	0.0	0.0
YP_001871501	5.9644910349222566e-05	0.0	0.0	0.0	0.0	0.0
YP_001879173	0.0	0.0	0.0	4.6107861747772246e-05	0.0	0.0
YP_001882481	6.240687812360385e-05	0.0	0.0	0.0	0.0	0.0
YP_001896735	0.0	7.746060636535675e-05	0.0	0.0002035048430378293	0.0	0.0
YP_001898234	0.0	8.962810525917413e-05	0.0	0.00017732434257875911	0.0	0.0
YP_001967742	0.0	0.0	0.0	0.0	0.00014683701805340976	0.0
YP_002006347	0.0	7.349504631252279e-05	8.370816843185235e-05	0.0	0.0001063045947227085	0.0001861640697883063
YP_002029849	0.0	0.0	0.0	0.0	9.783429913037986e-06	0.0
YP_002029850	0.0	0.0	0.0	9.792862571968036e-05	0.0	0.0
YP_002081505	0.0	3.293952316204204e-05	1.6385103333143877e-05	0.0	2.9301266466372137e-05	8.90856467021626e-06
YP_002090520	0.0	0.0	0.0	1.8396725577358688e-05	0.0	0.0
YP_002095804	0.0	1.6423411407716083e-05	0.0	0.0	0.0	0.0
YP_002260505	0.0	8.962810525917413e-05	0.0	0.0	0.00019560045428978362	0.0
YP_002269113	2.003937243740824e-05	0.0	0.0	0.0	0.0	0.0
YP_002271667	3.7255015122272603e-05	3.978944672869397e-05	0.0	0.0	0.0	0.0
YP_002295057	0.0	2.0917880565941967e-05	0.0	0.0	0.0	2.4596894141402296e-05
YP_002295271	6.288570327544736e-05	0.0	0.0	0.0	0.0	0.0
YP_002329903	0.0	0.0	0.0	0.0	0.0	4.3044564747454025e-05
YP_002331449	0.0	0.0	6.76630251338908e-05	0.0	0.0	0.0
YP_002331863	3.7276738163160215e-05	0.0	0.0	0.0	0.0	0.0
YP_002384075	0.0	0.0	1.7664670226300148e-05	0.0	0.0	0.0
YP_002384138	1.517504183958336e-05	0.0	7.88379728400281e-06	1.8185260805051925e-05	2.903472006939421e-05	0.0
YP_002388977	7.903667624783e-06	0.0	0.0	0.0	0.0	0.0
YP_002389553	2.4000302567789085e-05	0.0	1.2750633120887222e-05	2.8174194661664997e-05	0.0	1.3587713264350056e-05
YP_002394084	0.0	0.0	1.2490416118420136e-05	0.0	0.0	0.0
YP_002394587	0.0002901066789089774	0.0	6.265239152205735e-05	0.00013843866873321722	0.0	0.0
YP_002400010	0.0	0.0	8.397957976437773e-06	1.8556388576583596e-05	0.0	0.0
YP_002400178	0.0001248137562472077	0.0	0.0	0.00014652011386231365	7.905392450191265e-05	0.0002163153253806065
YP_002400590	0.0	2.5633025711018076e-05	0.0	0.0	0.0	0.0
YP_002401592	2.0232194610483556e-05	4.409913491341397e-05	2.2383905879725422e-05	4.8470969657222146e-05	2.562913629611966e-05	9.541364478025075e-05
YP_002401983	0.0	0.0	0.0	0.0	0.0	6.790542555769089e-05
YP_002409908	0.0	0.0	0.0	1.8185260805051925e-05	0.0	0.0
YP_002410376	0.0	0.0	0.0	0.0	0.0	1.3865013535051078e-05
YP_002418004	0.0	0.0	0.00017311189547242192	0.0	0.0	0.0
YP_002421432	0.0	0.0	0.0	0.0	0.00011006094082598441	0.00010038661743222495
YP_002552549	0.0009889167006836245	0.0007801635898001295	0.0003891858671934741	0.0004045238530458505	0.0009980759930947318	0.0014163232771428706
YP_002706077	0.0	8.248658379525404e-06	8.544625609856722e-06	0.0	0.0	0.0
YP_002800019	0.0	0.00018581815266512097	0.0	0.0	0.0	9.845861452702841e-05
YP_002800512	2.3262355705487145e-05	8.281625619974145e-06	0.0	0.0	3.9290124571117735e-05	8.959133627663088e-06
YP_002806354	0.00011708719038428531	6.25262734308048e-05	6.347436167322137e-05	0.0	0.0	6.62886297110792e-05
YP_002807373	0.0	0.0	0.0	7.453800575035117e-05	0.0	3.7430056302133934e-05
YP_002807856	7.903667624783e-06	2.5155218201862837e-05	0.0	0.0	0.0	3.652769236042385e-05
YP_002808057	0.0	0.0	0.0	0.0	7.865466225695351e-05	0.0
YP_002848373	0.0	0.0	1.6313217589446265e-05	0.0	0.0	0.0
YP_002890644	7.538022037878807e-05	0.0001916863857002775	0.0	0.0	0.0001114025595937172	0.0003048309249487584
YP_002894485	0.00012918037482397568	7.839114877891944e-05	0.0	0.0	0.00018409417188785702	0.00024423614528943467
YP_002937728	0.0	0.0	0.0	0.0	0.0	0.000176944439169465
YP_260346	1.5478948681586352e-05	0.0	0.0	0.0	0.0	0.0
YP_294981	0.0	0.0	7.824894005586197e-05	0.0	0.0003040311409069463	0.0
YP_298289	0.0	2.501050937232192e-05	0.0	0.0	9.690254390056672e-06	0.0
YP_309461	0.0	0.0	0.0	0.0	2.6152179893999653e-05	0.0
YP_311196	3.7255015122272603e-05	0.0	0.0	0.0	0.0	0.0
YP_312012	9.006706952637331e-05	9.619426681662277e-05	0.0	0.0	0.0	0.0
YP_312344	6.162798920993841e-05	0.0	0.0	0.0001476443091093391	0.0	0.0
YP_312992	3.5760450826005735e-05	0.0	0.0	0.0	0.0	0.0
YP_316450	0.0	0.0	0.0	0.0001840632386896427	0.00019636307420844653	0.0
YP_348488	1.5402073365986523e-05	0.0	0.0	0.0	9.954377198387211e-06	0.0
YP_350221	2.436898907898901e-05	0.0	1.655743507670155e-05	1.9071332957301478e-05	3.086942146060811e-05	9.009922769734679e-06
YP_369007	1.5686322156746357e-05	0.0	0.0	0.0	0.0	0.0
YP_371056	0.0	0.0	0.0	0.0	1.9479203410727695e-05	0.0
YP_403947	1.1600638554996883e-05	0.0	0.0	0.0	3.194589359359342e-05	4.341541022835517e-05
YP_405004	0.0	8.425099403573312e-06	8.381792513537991e-06	0.0	9.792846111221853e-06	0.0
YP_405598	0.0	0.0	0.00020318289276266975	0.0	0.0	0.0
YP_405948	0.0	0.0	0.0	0.0	0.0	6.929125056907234e-05
YP_406903	6.110948576227687e-05	0.0	2.1936227762130914e-05	4.75015502640777e-05	0.0	0.0
YP_407239	5.9941651196731135e-05	6.401943816945089e-05	0.0	0.0	0.0	0.0001385135546201655
YP_410000	0.0	0.0	0.0	0.0	7.550847576667536e-05	0.0
YP_410369	0.0	2.5120365196797716e-05	1.3010850123354309e-05	0.0	0.0	0.0
YP_523088	0.0004243036884756159	0.0005517661471994919	9.624271445037177e-05	0.000637727473202021	0.000874821573480877	0.0012163741336359971
YP_550152	0.0026860731408519115	0.0018790386662360706	0.0014012939223974129	0.0022466346931757477	0.003560006557378479	0.0029311950033150754
YP_560128	0.0	0.0	0.0002876895529074062	0.0	0.0	0.0
YP_581244	0.0	0.0	0.0	0.0	0.0	0.0001014621883332845
YP_584847	0.001191651883023682	0.0011866761136314654	0.0011573564157099584	0.0001615621787939805	0.0007802757252646803	0.0009308203489415314
YP_586061	0.0	0.0	0.0	0.0	0.0	8.855351297281574e-06
YP_606823	0.0	2.597530646977054e-05	0.0	0.0	8.010172132518232e-06	0.0
YP_607927	7.584684853977311e-06	0.0	0.0	0.0	9.607900953313981e-06	0.0
YP_608682	0.0	0.0	0.0	0.0	0.0	9.088103881420235e-06
YP_668774	0.0	6.405130449009273e-05	0.0	0.0001408022557603697	7.444951543580125e-05	0.0
YP_670193	0.0	3.978944672869397e-05	0.0	0.0	0.0	8.43673469050099e-05
YP_672241	4.9176619961399835e-05	0.0	0.0	0.0	0.0	5.140750875553081e-05
YP_691296	0.0	0.0	0.0	1.8556388576583596e-05	0.0	0.0
YP_691421	0.0	0.0	0.0	0.0	1.5268257967526267e-05	1.3926182712411597e-05
YP_746446	0.0008592398432816015	0.00026549617641387883	0.0	0.0	0.0010770329840125784	0.0002851347651622559
YP_791281	0.00017398226556740733	0.0	0.0	0.0	0.0	0.0
YP_792720	8.051182049999971e-06	0.0	0.0	1.8902725887934372e-05	0.0	6.511653213269077e-06
YP_808159	0.0	0.0	0.0	0.0	0.00016096768089795134	0.0
YP_905232	0.0002608262716184742	0.0	0.0	0.0	0.0	0.0
YP_966872	0.0	0.0	0.0	0.0	0.00011518604274973023	0.0
YP_970399	0.000883025438722946	0.0008472538247952265	0.0003775102911776699	0.0010408061635658861	0.00191885225096117	0.000924861173654056
YP_981592	0.0013900827952987751	0.0008134284438095603	0.0002848784347731004	0.0006168867061039159	0.0021791827884395107	0.0013989328147381954
YP_985461	0.0	0.00026836093998038854	0.00019459293359673705	0.0002106895067947138	0.0006593212710648569	0.0005142725808659325
YP_992987	7.873298104610923e-06	1.6649647449586063e-05	2.560925254827375e-05	5.434615404852694e-05	3.9495067295825874e-05	4.129962657997798e-05
YP_997055	0.0007538022037878807	0.00018785265798627196	0.0	0.0004171652234535333	0.000959426125480585	0.0
ZP_00051658	0.0	0.0	0.0	0.0	0.0	0.00019957867009787287
ZP_01438526	0.00016070790837058768	0.0	0.0	0.0	0.0	0.0
ZP_01769103	2.35746020907957e-05	8.392788379973799e-06	0.0	3.616129521541486e-05	3.205309457880682e-05	1.5434963773296076e-05
ZP_02007607	0.0	0.0002688843157775224	0.0	0.00017732434257875911	0.0001063045947227085	0.0
ZP_02357857	0.0	0.0	0.0	0.0	0.0	8.925357440565395e-06
ZP_02371789	0.0	0.0	0.0	0.0	9.785499922637004e-06	0.0
ZP_02405550	0.0	0.0	0.0	0.0	1.957099984527401e-05	0.0
ZP_02465589	7.72488532224314e-06	0.0	8.207994742286495e-06	0.0	2.8965079771005534e-05	0.0
ZP_02632674	0.0	0.0	0.0	0.0	9.43855947083442e-05	0.0
ZP_02779032	9.106781474333302e-05	0.0	0.00019550103395352185	0.0	0.00023072034262039694	0.0
ZP_02884769	0.00031964802974909887	8.065889272573821e-05	0.0	0.0	0.0	0.0001623395013332552
ZP_02900713	0.0	9.726309200347414e-05	0.0	0.0	0.0	0.0
ZP_02900740	0.0	0.0	0.0	0.0	0.0	1.920852787918841e-05
ZP_02901234	0.00012577140655089473	0.0	6.818217877941937e-05	0.00043702715496364363	0.0	0.00014531668917299058
ZP_02901431	0.0	0.0	0.0	0.00014578011328725146	0.0	0.0
ZP_02901439	1.5807335249566e-05	0.0	2.5708034621748287e-05	0.0	0.0	0.0
ZP_02903427	0.0	0.0	6.37220664992632e-05	0.0001379862106451623	0.0	0.0
ZP_02904358	0.0	0.0	0.0	0.0	1.616933548692126e-05	0.0
ZP_02909221	0.0	0.0	0.0	0.0	9.53791272842215e-06	0.0
ZP_02952732	0.0	0.0	0.0	0.0	4.7771850082444155e-05	0.0
ZP_03002663	1.2000151283894542e-05	1.2816512855509038e-05	0.0	0.0	0.0	0.0
ZP_03003660	0.0	0.0	6.534125466361024e-05	0.0	0.0	0.0
ZP_03029420	0.0	0.0	1.371359665779474e-05	0.0	0.0	0.0
ZP_03030551	0.0	3.5875730657019145e-05	0.0	0.0	0.0	0.0
ZP_03042915	0.0	0.0	0.0	1.8556388576583596e-05	0.0	0.0
ZP_03048355	1.5627458676036457e-05	0.0	0.0	0.0	2.1059666162105197e-05	0.0
ZP_03049119	0.0	0.0	0.0	0.0	0.0	4.218367345250495e-05
ZP_03060956	0.0	0.00013065191463153242	6.631649727052979e-05	0.0	0.0	0.0
ZP_03063399	0.0	0.0	0.0	0.0	0.0	7.265834458649529e-05
ZP_03063464	8.692836861863607e-05	6.631574454782329e-05	6.597486683004525e-05	0.00011953969289554619	0.0	0.00028696376498302684
ZP_03063547	0.0	0.0	0.0	3.711277715316719e-05	9.811732988967699e-06	0.0
ZP_03064513	0.0	2.5336261303365185e-05	0.0	0.0	0.0	0.0
ZP_03064983	9.538741280206323e-05	2.140263638218257e-05	2.172716536491685e-05	9.127474672518178e-05	0.0	2.315355560987747e-05
ZP_03067876	0.0	0.0	8.569344873916096e-06	0.0	0.0	0.0
ZP_03069403	1.2000151283894542e-05	0.0	1.3010850123354309e-05	0.0	0.0	0.0
ZP_03265942	8.490927187579828e-05	0.0	0.0	0.0001993516829758328	0.0	0.00010219213213424337
ZP_03453095	1.5402073365986523e-05	0.0	0.0	1.8449640416027987e-05	9.954377198387211e-06	9.079390454880043e-06
ZP_03541894	0.00044330748651334886	0.00016101656398823311	0.00018097142824496544	0.00020647571665881952	0.0006343125331968796	7.879983093913482e-05
ZP_03552050	0.0007914923139772746	0.0007399094488030712	0.0005779410127823091	0.0018414262893857985	0.0012458898501501434	0.00180202771279232
ZP_03916453	0.0	0.0	7.354270869724959e-05	0.00015925220651517676	8.59234379413892e-05	0.0
ZP_04001477	4.442332426504049e-05	4.697095662606799e-05	0.0	0.0	0.0	0.0
ZP_04003442	0.0	0.0	0.0	0.0	0.00026621577994661184	0.0
ZP_04005119	3.7255015122272603e-05	3.978944672869397e-05	0.0	0.0	0.0	0.0
ZP_04055725	0.0	0.0	0.0	0.0	0.0	0.00029513665525074135
ZP_04528247	8.63675404339997e-05	0.0	0.0	0.0	0.0	0.00020365170418150294
ZP_04536687	0.0	0.0	0.0	0.00011408878431176199	0.0	3.480995236098456e-05
ZP_04577926	0.0026298801109792083	0.0014919312547315513	0.0009523914005838563	0.00020916277123823036	0.001313601255049608	0.0020174800346850195
ZP_04589788	8.730631804741275e-05	0.0	7.920496434875884e-05	0.0	0.0	0.0
ZP_04612557	0.0	0.0	7.364428702417949e-05	0.00015309328140133014	2.8680705574358735e-05	0.0
ZP_04612558	6.025353188339831e-05	3.1851255128860465e-05	3.2334216911754847e-05	0.0	3.777760065430509e-05	6.821071869138631e-05
ZP_04615639	0.0	0.0	2.3566171847737437e-05	0.0	0.0	5.1272973257188335e-05
ZP_04621517	0.0	2.860112705448695e-05	0.0	0.0	7.24713155409118e-05	0.0
ZP_04623896	6.341195731864716e-05	0.0	0.0	0.0	0.0	0.0
ZP_04630103	0.0	0.0	4.811426752246394e-05	0.0	2.294456445948699e-05	5.2319360466518706e-05
ZP_04631861	0.0	0.0	0.0	0.0	2.8107091462871562e-05	0.0
ZP_04635128	2.264116941132589e-05	0.0	9.622853504492788e-05	0.0	0.0	0.0
ZP_04638972	6.086215341757405e-05	0.0	3.2334216911754847e-05	0.0	3.777760065430509e-05	0.0
ZP_04638974	0.0	0.0	0.0	0.0	2.7661852800846882e-05	0.0
ZP_04651279	0.0	0.0	0.00013921269923108606	0.00014771369807967767	0.0003968630854264165	7.417601235853698e-05
capO	0.0	3.93423742935401e-05	0.0	0.0	0.0	0.0
gb|AAA26793|ARO:3003748|oleC	0.0015509549372441486	0.002375613613303316	0.0014141697169337273	0.0001776274611130818	0.001335977270084077	0.0012028108283399339
gb|AAC44316.1|ARO:3005010|qacEdelta1	0.0018943689254695762	0.0009088601623211593	0.0	0.0008232646675936747	0.00027084561959785726	0.00023715683673032061
gb|AAC74000.1|ARO:3003950|msbA	0.000826370005536925	0.0010937585645091712	0.0007878673345830776	0.0014719883933821192	0.001805684001033756	0.001320891251827543
gb|AAC75089.1|ARO:3003577|ugd	0.007417051031291541	0.006432599874440075	0.007838363854293968	0.008379621258283114	0.007884748781040405	0.006339399367141277
gb|AAC75271.1|ARO:3003952|yojI	0.0005358183820291464	0.0004301624719831895	0.0009591475024610211	0.00157461710957465	0.00015602094101514592	0.0004113392117877362
gb|AAC75314.1|ARO:3003578|pmrF	0.0008292827527652208	7.99248886463331e-05	0.00022685184911038246	0.0005342614785342226	9.673057842780616e-05	0.0001729268601158588
gb|AAC76297.1|ARO:3000499|acrE	0.00010516558554515807	4.501891687017945e-05	6.785986302518939e-05	9.896387119157412e-05	7.874455329953288e-05	0.00017119438322415998
gb|AAC76298.1|ARO:3000502|acrF	0.0002901135220159951	0.0003443903601964405	0.0003076726312438931	0.0002780367947887068	0.00019881221013034203	0.0002989307645440211
gb|AAF42062.1|ARO:3000811|mtrD	7.681446416963423e-06	0.0	0.0	5.302188037911579e-05	3.892189472509039e-05	2.6270497247930705e-05
gb|AAF63432|ARO:3003744|vatF	0.0	0.0	0.0	0.0	0.0	0.00012854937888379935
gb|AAF94731.1|ARO:3004364|almG	0.0	9.427038148029033e-05	0.0	0.0	0.0	0.00010198250724781416
gb|AAG05913.1|ARO:3004072|OpmB	0.0	0.0	0.0	0.0	0.0	5.7047013520722205e-05
gb|AAG05914|ARO:3004075|MuxC	0.00022673776191983898	0.00027545358295192387	0.00013020821759452707	0.00020914661967288376	0.00012206353261606135	9.433241293689153e-05
gb|AAG05915.1|ARO:3004074|MuxB	0.0010844316961766023	0.0008360895784129899	0.0002690631331060847	0.0006095761193455647	0.0011067276569166902	0.000544581839483705
gb|AAG06942.1|ARO:3002985|arnA	0.00014708415033772154	0.00011821432602114091	0.0002400136286108878	0.00034532710340262266	0.0006464700355386318	0.0002111394420663636
gb|AAG07064.1|ARO:3003693|mexK	0.0006774379257121616	0.0005115564185275406	0.0005115104657763985	0.0006127714170691288	0.0007783266348417643	0.0005569168779071574
gb|AAG07065.1|ARO:3003692|mexJ	0.0	0.0	0.0	0.0	0.0	2.1674756308799736e-05
gb|AAG08359.1|ARO:3003682|OpmH	0.0	0.0	0.0	0.0	0.0	0.00015599636037521308
gb|AAG57600.1|ARO:3000318|mphB	0.0007687737424345416	0.0	0.00047244208435258443	0.0003653729421629847	0.0005914034098813973	0.0010680500736450556
gb|AAL19305.1|ARO:3000790|mdsB	2.2529573126075753e-05	1.3607613630059509e-05	7.749286998588541e-06	0.0	4.5269299452532855e-05	2.6928353301724794e-05
gb|AAN05026.1|ARO:3000980|TEM-117	0.002794389110747779	0.003995796673836843	0.0047631160999585314	0.005637059721794567	0.0021351131941788736	0.003326686526340882
gb|AAO04716.1|ARO:3002865|dfrC	0.0	0.0	0.0	0.0	0.00017798426430716335	0.0
gb|AAO33760.1|ARO:3000879|TEM-7	0.0008441044345864799	0.0005010726188041047	0.001019383656664654	0.0022029888567932786	0.0005919170169295701	0.0004353932985949373
gb|AAP43110.2|ARO:3003923|oqxB	1.4362695353805666e-05	1.6673672914881282e-05	1.6926496446192366e-05	0.0	4.9440073418656484e-05	0.0
gb|AAR96051.1|ARO:3002894|otrC	0.0	5.9854210463676394e-05	0.0	0.0	0.0	0.0
gb|AAT68578.1|ARO:3004803|GOB-11	0.0	0.00016188309148523435	0.0	0.0	0.0	0.0
gb|AAV85982.1|ARO:3000535|macB	2.0872064372850857e-05	3.207869680363029e-05	0.0	2.3904316712940613e-05	0.0	1.1763731980670666e-05
gb|AAZ42322.1|ARO:3003836|qacH	0.00022353009073363558	0.0	0.0	0.0	0.0008381440810100965	0.0005165347769694483
gb|ABG65740.1|ARO:3002879|linG	0.00045033534763186655	0.0004809713340831139	0.0008788757770138343	0.00018185668637767897	0.0009013305692478144	0.0005473754980852066
gb|ABW91178.1|ARO:3002613|aadA13	0.0	0.0	0.0	0.0	0.0	0.00010506122444774816
gb|ACC54440.2|ARO:3002799|QnrVC1	0.0	0.0	0.0	0.0	0.0	0.00013031840703357642
gb|ADP36409.1|ARO:3003730|Bifidobacteria	0.0070584219924722845	0.006380933289535238	0.005044302361653693	0.004209465957398905	0.004414074067108277	0.004457737119943654
gb|ADV91011.1|ARO:3000245|RbpA	0.0	0.0	0.00023385291142765768	0.0	0.00027322145836625953	0.0
gb|ADZ12699.1|ARO:3005091|RanA	0.0016639995824148084	0.0015084826990027188	0.0012172315961799616	0.0017587184085789435	0.0029215634082978173	0.0034157363681688985
gb|ADZ12700.1|ARO:3005090|RanB	0.0007755522278497444	0.001000618086429417	0.0012117832683069534	0.0008898925176317437	0.0009528841344033707	0.0011902757904078591
gb|AEH26330.1|ARO:3005009|qacE	0.0003487069415444715	0.00046792389352944106	0.0	0.0	0.0002831567841250326	0.00045455060373311457
gb|AEY83581|ARO:3000510|mupB	2.1422535317163528e-05	0.0	0.0	0.0	5.849531242234458e-05	4.180281447690792e-05
gb|AIA08936.1|ARO:3000444|rphA	0.0	0.0	0.0	0.0	9.362178064712061e-05	0.0
gb|AKO71461.1|ARO:3004608|EreD	0.0	0.0	0.0	0.0	0.0	0.0002075001224149328
gb|ALU64000|ARO:3003713|VCC-1	0.0	0.0	0.0	0.0	0.0	0.00020006628685436377
gb|AML99881.1|ARO:3001327|mdtK	0.00025418295127727764	0.00010637381201392614	0.00016535472952340454	0.0004579340875109408	0.00012879452037417095	0.0004782850498141158
gb|ANW35663.1|ARO:3003620|OXA-464	0.0	0.0	0.0	0.0	0.0	0.00011229016890640182
gb|APB03214.1|ARO:3003980|tetA(48)	0.00021792554618462902	0.0004578454470810768	6.528791486388484e-05	0.0001413769588451059	9.080829811589967e-05	0.0
gb|APB03216.1|ARO:3003982|LlmA	0.00017134710787944192	0.0	0.0	0.0	0.0	0.0
gb|APB03218.1|ARO:3003984|BahA	0.0	0.0	2.977892925307513e-05	0.0	0.0	6.951239285812256e-05
gb|APB03219.1|ARO:3003986|TaeA	0.0	8.105257666956178e-05	0.00016209471249513385	0.0	4.518273376316107e-05	0.00034722615562946245
gb|APB03222.1|ARO:3003992|rphB	0.0	0.0	3.0157502152435494e-05	0.00013060842728903073	0.0	0.0
gb|ARB93503.1|ARO:3004603|tet(56)	0.0	0.0	0.0	0.0005520606696290895	0.0	0.0
gb|AVM85875.1|ARO:3004698|MCR-5.2	0.0	4.8097133408311386e-05	0.0	0.0	8.899213215358167e-05	0.0
gb|BAA11236.1|ARO:3000206|emrK	0.00020034919243533265	7.481776307959548e-05	2.5317409214390287e-05	5.482329046700054e-05	0.00032478325153486643	0.00010737840710219585
gb|BAA11237.1|ARO:3000254|emrY	0.00021386707118629613	0.00012549218472166992	0.0001537765590223902	7.516787091373903e-05	0.00012004667826967527	0.00012836023721955625
gb|BAD89844.2|ARO:3000753|abeM	0.0	0.0	0.0	0.0	0.0	6.341386770830282e-05
gb|BAE06006.1|ARO:3003705|mexN	7.911296647586845e-06	2.3827579874982373e-05	0.0	1.8574300148568718e-05	2.966404405119389e-05	1.8281475375366577e-05
gb|BAE06008.1|ARO:3003699|mexQ	0.0	0.0	1.6709490081497593e-05	3.289397428020033e-05	0.0	5.377913521533763e-05
gb|BAE78116.1|ARO:3003576|eptA	0.0006176295779429924	0.0006558057329565142	0.0002865745586621344	0.0006311132919072659	0.0006833033913072084	0.0004113392117877362
gb|BAL43359.1|ARO:3003742|mphG	0.0	0.0	0.0	0.0	0.0	7.537191133329706e-05
gb|BAL43360.1|ARO:3003745|mefC	0.0	0.0	0.0	0.0	0.0	0.00013262379408675025
gb|CAA03986.1|ARO:3000343|tap	0.0	0.0	0.00018511544890909156	0.0	0.0	0.0
gb|CAA09666.1|ARO:3004122|Klebsiella	0.0005325275691007202	0.000619311035553672	0.000265166691653051	0.0007625157455001412	0.00016656281419119567	0.00045424675974666196
gb|CAA53189|ARO:3000521|mupA	2.305154060690617e-05	2.4619720163379393e-05	5.102743606386312e-05	0.0	5.8401086725787974e-05	2.663382443748718e-05
gb|CAD91132.1|ARO:3002839|lnuF	0.0	9.619426681662277e-05	0.00019335267094304357	0.0008077820255380623	0.0005704623855998825	0.0
gb|CAH14032.1|ARO:3004099|LpeA	0.0	0.0	0.0	0.0	4.299197370236411e-05	0.0
gb|CAH14033.1|ARO:3004100|LpeB	2.4248826410946662e-05	0.0	3.6018883340011414e-05	0.0	5.897703432663402e-05	0.0
gb|CAJ13568.1|ARO:3004704|aadA8b	9.349167293041792e-05	9.985184350166546e-05	0.0	0.0	0.0	0.0
gb|CAJ77856.1|ARO:3000777|adeF	7.120316393529721e-06	8.265985156102618e-06	8.391322600803582e-06	1.635380307698345e-05	0.0	1.7884427279395442e-05
gb|CCI79240.1|ARO:3005047|eptB	0.00034269421575888385	0.00026810046022281674	0.00041800189394560416	0.0007824582498683403	0.0003787591966048781	0.00029498275242262226
gb|CCP45647.1|ARO:3003955|efpA	0.00034330847897581015	9.810726223595713e-05	0.0006921340207205301	0.0	5.876838915802564e-05	5.253061222387408e-05
gb|CDO12042.1|ARO:3005053|ArnT	8.746476871537539e-05	0.0	0.0001383764124171933	0.00010477118849682682	0.00028038174486137534	5.155973272834784e-05
gb|CDO61516.1|ARO:3003949|efrB	8.558362037481186e-05	0.0	0.00012666817368158872	7.973608406319279e-05	0.0	6.278323255982245e-05
gb|QTV22830.1|ARO:3007085|PRC-1	0.0	0.0	0.0	0.0	0.0	7.495887264728142e-05
gb|WP_000949574.1|ARO:3005348|DfrA36	0.00034045352280969116	0.00025857018920308203	0.0004538905123955891	0.0	0.0	0.00014568929606830592
gb|WP_020848173.1|ARO:3005725|OXA-491	0.0	0.0	0.0	0.0	0.0	0.0004446690688693511
gb|WP_040068451.1|ARO:3006099|OXA-912	9.31375378056815e-05	9.947361682173491e-05	0.0	0.0	0.0	0.0
gb|WP_063864908.1|ARO:3005255|TEM-224	0.0	0.0	0.0	0.0	0.0	9.933361095566314e-05
gb|WP_063865155.1|ARO:3006212|VEB-15	0.0	8.607295700374334e-05	0.0	0.0	0.0	0.0
gb|WP_071846200.1|ARO:3005350|DfrB9	0.0	0.0	0.0	0.0020871226680787107	0.0	0.0
gb|WP_072678505.1|ARO:3005937|OXA-732	0.0	0.0	0.0	0.0	0.000114753012513829	0.00017942786989465047
gb|WP_081048762.1|ARO:3006954|MYO-1	0.0	0.0	0.00024454333023577916	0.0	0.0001686166714488916	0.0003780801544208706
gb|WP_109545059.1|ARO:3005263|TEM-232	0.00024588309980699916	0.00017997072828055424	0.00018269963122166376	0.000399661787504434	0.0002134566526481015	0.0004946813825592025
gb|WP_109791184.1|ARO:3005264|TEM-233	8.425364958421649e-05	0.0	0.0	0.0	0.00010890645543270484	9.933361095566314e-05
gb|WP_109963600.1|ARO:3000877|TEM-5	0.0002579193354618872	0.0	0.0	0.0	0.00010890645543270484	0.0
gb|WP_116786831.1|ARO:3005267|TEM-236	0.0	8.447605613168873e-05	0.0	0.0	8.712516434616389e-05	0.0
gb|WP_122630841.1|ARO:3005268|TEM-237	8.253418734780392e-05	0.0	0.0	0.0	0.0	0.0
gb|WP_131419583.1|ARO:3005269|TEM-238	0.0	0.0	0.0	0.000201849387628502	0.0	0.0
gb|WP_136512087.1|ARO:3005995|OXA-795	0.0	0.0	0.0	0.0	0.0	0.00021091836726252474
gb|WP_148044414.1|ARO:3006172|GES-43	0.0	0.0	0.0	0.0	0.0	9.700775079670127e-05
gb|WP_148044424.1|ARO:3006964|PAU-1	0.0004833742849448175	0.00017925621051834826	0.0	0.0009851352365486618	0.0014499946720177438	0.0005798235090281623
gb|WP_148044473.1|ARO:3005272|TEM-242	0.00040579308779336925	0.0005435850568473884	0.000507084690737679	0.000197812399875932	0.0006970013147693111	0.00028012078289497007
gi|1001786599|ref|WP_061324791.1|	2.18368649917406e-05	0.00013247129475712962	2.367604964720513e-05	0.00020507610963322052	7.579347667432046e-05	0.00014583162131313288
gi|1001905069|ref|WP_061350662.1|	0.0	0.00013065191463153242	6.631649727052979e-05	0.00028433649558773166	7.74807120740139e-05	0.0
gi|1002393246|ref|WP_061378420.1|	0.0	0.0	7.91698401960543e-05	0.0	0.0	4.218367345250495e-05
gi|1010998995|ref|WP_061957110.1|	0.0	0.0	0.0	1.799438497599127e-05	9.906884940761318e-06	8.855351297281574e-06
gi|1011069317|ref|WP_062010695.1|	0.0	3.421633204031012e-05	0.0	0.0	0.0	0.0
gi|1011247976|ref|WP_062166935.1|	0.0	8.18569152166643e-06	0.0	0.0	0.0	0.0
gi|1011729993|ref|WP_062573631.1|	0.0	0.0	8.528225176824368e-06	0.0	1.992786068698246e-05	0.0
gi|1015908301|ref|WP_062876269.1|	6.522098138116689e-05	0.0	6.929986011856211e-05	0.0	0.0	7.535653244912377e-05
gi|1016360943|ref|WP_063030419.1|	0.0	0.0	1.5775686489510732e-05	0.0	3.8431603813255924e-05	0.0
gi|1016488817|ref|WP_063078678.1|	0.0	0.0	0.0	0.0	0.0	1.920852787918841e-05
gi|1016491603|ref|WP_063080527.1|	0.00025697066664179757	6.826475900296886e-05	0.0	0.0	8.096631652169367e-05	7.384940180014129e-05
gi|1016518516|ref|WP_063098254.1|	0.0	0.0	0.0	3.7954585707923456e-05	2.0478136918970142e-05	0.0
gi|1016529975|ref|WP_063105381.1|	0.0	0.0	0.0	0.0	2.662157799466118e-05	0.0
gi|1016547979|ref|WP_063116960.1|	0.0	0.0	0.0	0.0	0.0	1.256795007749738e-05
gi|1022688710|ref|WP_063443532.1|	0.0	1.1887711244869061e-05	0.0	0.0	0.0	0.0
gi|1028098568|ref|WP_063855066.1|	8.762379556758516e-05	0.0	0.0	0.0	0.00011099745937701278	0.00020454777167990153
gi|1028099117|ref|WP_063855569.1|	9.073177114649415e-05	9.690418760493734e-05	0.0	0.0	0.00011493448802123095	0.0
gi|1031625992|gb|ANG10321.1|	0.0	0.0	9.134981561083188e-05	0.0	0.0	0.0
gi|1031627388|gb|ANG10976.1|	0.0	0.0	9.321409756207333e-05	0.0	8.930329345481798e-05	0.0
gi|1031629559|gb|ANG12003.1|	6.877848945650327e-05	0.0	8.202840585462455e-05	0.0	0.0	0.0
gi|1031630461|gb|ANG12423.1|	0.0	0.0	0.0	0.0	0.0	9.337359429832335e-05
gi|1031632552|gb|ANG13404.1|	8.425364958421649e-05	0.0	0.0	0.0	0.0	0.0
gi|1031636975|gb|ANG15485.1|	0.0	0.0	0.0	0.000597474187380366	0.00010890645543270484	0.0
gi|1031640304|gb|ANG17117.1|	8.425364958421649e-05	9.182180014313992e-05	0.0006487701190320304	0.000201849387628502	0.00010890645543270484	0.00019668054969221302
gi|1031644372|gb|ANG19132.1|	0.00013583751667659396	0.0	0.0	0.0	0.0	0.0
gi|1031647735|gb|ANG20792.1|	0.0	8.998536414027712e-05	0.0	0.0	0.0	0.0
gi|1031647891|gb|ANG20867.1|	8.425364958421649e-05	0.00017997072828055424	0.0002740494468324956	0.000395624799751864	0.00010672832632405075	0.0003893877549461995
gi|1031649510|gb|ANG21633.1|	0.0	7.529387611737473e-05	7.643556000090014e-05	0.0	0.0	0.0
gi|1031651563|gb|ANG22502.1|	0.0	0.0	0.0	0.00021799733863878216	0.0	9.734693873654988e-05
gi|1031653325|gb|ANG23254.1|	0.0	9.182180014313992e-05	0.000255406627320081	0.0001776274611130818	9.583768078078027e-05	8.741357764098357e-05
gi|1031653436|gb|ANG23305.1|	0.0	0.0	0.0	0.0	0.0	9.933361095566314e-05
gi|1031654323|gb|ANG23675.1|	8.425364958421649e-05	0.0	0.0	0.0	0.0	0.0
gi|1031654576|gb|ANG23785.1|	0.0	0.0	0.0	0.0	0.00010672832632405075	0.0
gi|1031655584|gb|ANG24201.1|	0.0	8.998536414027712e-05	0.0	0.0	0.0	0.0
gi|1031655881|gb|ANG24321.1|	0.0	0.0	0.0	0.0	0.00010890645543270484	0.0
gi|1031656033|gb|ANG24385.1|	0.0	7.529387611737473e-05	0.0	0.0	0.0	0.0
gi|1031656232|gb|ANG24468.1|	0.00016850729916843298	0.00026995609242083137	0.0002740494468324956	0.0	0.00010672832632405075	9.734693873654988e-05
gi|1031658245|gb|ANG25309.1|	6.877848945650327e-05	0.0	0.0	0.0	0.0	0.0
gi|1031659669|gb|ANG25919.1|	0.0	9.182180014313992e-05	0.0	0.0	0.0	0.0
gi|1031662238|gb|ANG27022.1|	0.0	0.0	0.0003672635443945689	0.000201849387628502	0.00010890645543270484	0.0
gi|1031663106|gb|ANG27416.1|	0.00028371126900807593	0.00039299730461263884	0.00015100683805055882	0.0004682905792981247	0.000291869300559649	0.00015098708865260798
gi|1031663675|gb|ANG27698.1|	0.0	0.0	0.0	0.000197812399875932	0.0	0.0
gi|1031668563|gb|ANG30132.1|	0.00020977439284233494	0.0008190504572768082	0.0005369132019575425	0.0006459180404112065	0.0008690735143529847	0.00023840066629359153
gi|1031671948|gb|ANG31821.1|	0.0	7.896674812310032e-05	8.016412390338306e-05	0.000197812399875932	9.365955167212616e-05	0.0
gi|1031674470|gb|ANG33079.1|	0.0	0.0	0.0	0.000197812399875932	0.00010455019721539666	0.0
gi|1031674865|gb|ANG33275.1|	0.0	0.0	0.0	0.0	8.930329345481798e-05	0.0
gi|1031674895|gb|ANG33290.1|	0.0	0.0	0.0	0.000197812399875932	0.0	0.0
gi|1031675739|gb|ANG33710.1|	0.0	9.182180014313992e-05	0.0	0.0	0.0	0.0
gi|1031678693|gb|ANG35178.1|	8.253418734780392e-05	0.00015058775223474947	0.0	0.0	0.0	0.0
gi|1031681095|gb|ANG36371.1|	0.0	0.0	0.0	0.000201849387628502	0.0	0.0
gi|1032346815|ref|WP_064200323.1|	4.997623979817056e-05	0.0	0.0	0.0	0.0	0.0
gi|1032594922|ref|WP_064225264.1|	0.0	1.7755939716658565e-05	7.065868090520059e-05	0.00023419442134584817	0.0	1.920852787918841e-05
gi|1033217078|gb|OAR27197.1|	0.00028147682640135676	0.000344321055817956	0.00039833594423747373	9.605478346381294e-05	0.000259128504606935	0.0002779489964591008
gi|1035670474|ref|WP_064517458.1|	0.0	0.0	0.0	0.0	0.0	2.922779087790088e-05
gi|1035686348|ref|WP_064529930.1|	0.0	2.2445328923878646e-05	0.0	0.0	2.662157799466118e-05	0.0
gi|1035701600|ref|WP_064543230.1|	0.0	4.129940521993671e-05	0.0	0.0	0.0	0.0
gi|1035706844|ref|WP_064548272.1|	1.2648307603240697e-05	0.0	0.0	0.0	0.0	0.0
gi|1039004533|ref|WP_064760451.1|	0.0	0.0	0.0	0.0	0.0	4.781231888582173e-05
gi|1044868049|dbj|BAV27457.1|	0.0	0.0	0.0	1.4550453651355154e-05	2.767335678499846e-05	0.0
gi|1045390184|ref|WP_065479071.1|	8.128366935768568e-05	4.253853577540373e-05	0.0	0.0	5.04533906259149e-05	0.0
gi|1045958069|emb|SCA71680.1|	0.0	0.0	0.0	0.0	5.485049654749059e-05	2.5525078825983515e-05
gi|116668015|pdb|2I68|A	0.0	0.0001916863857002775	0.0	0.0	0.0	0.0
gi|151567624|pdb|2HP6|A	0.0	0.0	0.0	0.0	0.0	0.00011226300193005348
gi|157139469|gb|ABV24340.1|	0.0	0.0	0.0	0.0	0.0	0.0002626530611193704
gi|237823426|pdb|2V50|A	0.0	0.0	0.0	0.0	9.671831853193446e-06	0.0
gi|26109487|gb|AAN81690.1|AE016765_92	0.0	0.0	8.570649850292833e-05	4.786323719502245e-05	2.6351308167304215e-05	0.0
gi|26110020|gb|AAN82225.1|AE016766_313	0.0	0.0	0.0	3.802959477058733e-05	2.0518607545292215e-05	0.0
gi|2708772|gb|AAB96371.1|	0.0	0.0	0.0	0.0	0.0	7.265834458649529e-05
gi|296278285|pdb|2WGV|A	0.0	0.0	0.0	0.0	0.0	0.00022681708553214886
gi|299882142|gb|EFI90353.1|	0.0	0.0	5.536454480932898e-05	0.0	6.890361473742329e-05	0.0
gi|300455078|gb|EFK18571.1|	4.442332426504049e-05	2.3722705366701006e-05	7.080229611029246e-05	4.79770649257556e-05	8.440988144648668e-05	0.0
gi|305670809|gb|ADM62671.1|	0.0	0.0	0.0	0.0	0.0	8.417603772835454e-05
gi|322506435|gb|ADX01889.1|	0.00016050702348512446	0.0	0.0	0.0	0.0	0.0
gi|323172150|gb|EFZ57788.1|	0.0	0.0	1.371359665779474e-05	0.0	0.0	0.0
gi|323182192|gb|EFZ67602.1|	7.612479870185733e-05	2.7101171146478866e-05	2.751210722678326e-05	0.0	0.0	0.0
gi|324017431|gb|EGB86650.1|	0.0	0.0	0.0	0.0	7.106410553040867e-05	0.0
gi|324115360|gb|EGC09324.1|	9.106781474333302e-05	0.0	0.0	0.0	0.00011305296788399451	0.0
gi|331067220|gb|EGI38628.1|	0.0	1.2816512855509038e-05	1.3010850123354309e-05	2.8174194661664997e-05	0.0	0.0
gi|331067648|gb|EGI39050.1|	0.0	0.0	0.0	0.0002952886182186782	7.806726682526473e-05	7.120517769476538e-05
gi|332091165|gb|EGI96255.1|	0.0	0.0	3.554564253700396e-05	2.6850662726396082e-05	1.2877414471836106e-05	0.0
gi|332752007|gb|EGJ82400.1|	0.0	2.7101171146478866e-05	2.751210722678326e-05	0.000266899466853093	0.0	5.863655878910146e-05
gi|333008869|gb|EGK28329.1|	0.0	0.00031796449047606325	0.0	0.0	0.00022444339212263615	0.00013926182712411598
gi|333011104|gb|EGK30518.1|	0.0	0.0	2.5501266241774445e-05	0.0	0.0	0.0
gi|333012759|gb|EGK32138.1|	0.0	0.0	0.0	0.0	0.0	0.00014421021692040436
gi|339514070|emb|CCC31832.1|	0.0	0.0	1.7988685494435207e-05	0.0	4.119338910752836e-05	0.0
gi|347302801|gb|AEO72915.1|	0.0	1.660910883776654e-05	0.0	5.588472881098893e-05	1.7689304100227916e-05	0.0
gi|353568605|gb|EHC33464.1|	6.390723841637404e-05	1.6722426344456958e-05	0.0	3.5260032079302456e-05	0.0	1.735207795277484e-05
gi|373247498|gb|EHP66939.1|	2.5141421248159424e-05	5.370354773197959e-05	0.0	0.00017708259160046497	0.0001254807262165533	2.84675096918745e-05
gi|377856087|gb|EHU20948.1|	0.0	1.7755939716658565e-05	0.0	0.0	2.1059666162105197e-05	0.0
gi|388607857|gb|EIM37061.1|	5.997148775780467e-05	0.0	0.0	0.0	0.0	0.0
gi|390742273|gb|EIO13282.1|	0.0002883073744801128	7.116811610010302e-05	0.00016809524722783718	0.00020650997511520886	8.328441636053352e-05	2.5663426136693455e-05
gi|391243981|gb|EIQ03268.1|	7.903667624783e-06	3.190829691377232e-05	8.397957976437773e-06	4.713322698452234e-05	2.0023944875444282e-05	9.131923090105963e-06
gi|391251304|gb|EIQ10520.1|	0.0	0.0	0.00011667059913677451	0.0	0.0	0.0
gi|391257402|gb|EIQ16514.1|	2.1656049291905417e-05	0.0	0.0	5.566916572975079e-05	0.0	9.131923090105963e-06
gi|391266580|gb|EIQ25529.1|	0.0	0.0	0.0	2.6726354102662765e-05	0.0	0.0
gi|391316952|gb|EIQ74337.1|	0.0004664327893308529	0.00027375139349341453	0.0001583396803921086	0.0	4.6248941407088665e-05	0.00012913369424236208
gi|421944075|gb|EKU01337.1|	0.00012962874717858535	0.0	0.00016397100793743462	0.0	0.0	4.992449099579187e-05
gi|445946986|ref|WP_000024841.1|	0.0	7.5972135508981735e-06	0.0	0.0	1.0011972437722141e-05	0.0
gi|445947001|ref|WP_000024856.1|	7.903667624783e-06	1.553208103739182e-05	0.0	0.0	0.0	8.949284628303845e-06
gi|445947019|ref|WP_000024874.1|	7.903667624783e-06	0.0	0.0	0.0	0.0	0.0
gi|445947023|ref|WP_000024878.1|	0.0	0.0	0.0	1.4473983089735207e-05	1.0011972437722141e-05	0.0
gi|445947030|ref|WP_000024885.1|	0.0	0.0	0.0	3.637052161010385e-05	0.0	0.0
gi|445947045|ref|WP_000024900.1|	0.0	8.441348389886858e-06	0.0	0.0	0.0	0.0
gi|445947058|ref|WP_000024913.1|	7.74559427228734e-06	0.0	0.0	0.0	0.0	0.0
gi|445996697|ref|WP_000074552.1|	0.0	0.0	0.0	0.0	7.660811376327743e-05	0.0
gi|445996722|ref|WP_000074577.1|	0.00031670379845691153	0.0002702591935086825	0.00021223854524521785	0.0	8.668812873212973e-05	7.355187762671756e-05
gi|445996723|ref|WP_000074578.1|	0.0005013150578589303	0.0002056689460034628	0.0007005597509720199	0.00044837999892622575	0.0004959367364675328	0.0003070790890915458
gi|445996732|ref|WP_000074587.1|	0.0	0.0	0.0	0.0	7.660811376327743e-05	0.0
gi|446008125|ref|WP_000085980.1|	0.00012577140655089473	0.00013432754394341698	0.0	0.0	0.0	0.0
gi|446008144|ref|WP_000085999.1|	0.0	6.716377197170849e-05	6.818217877941937e-05	0.0	0.0	0.0
gi|446048013|ref|WP_000125868.1|	1.1889409147046256e-05	3.5122783223476764e-05	1.371359665779474e-05	2.7914192062781112e-05	1.3458686652856487e-05	1.1106560533602334e-05
gi|446048047|ref|WP_000125902.1|	0.0	0.0	0.0	0.0	1.5701801094999236e-05	0.0
gi|446110263|ref|WP_000188118.1|	0.0	0.0	0.0	2.613243512260359e-05	0.0	0.0
gi|446110272|ref|WP_000188127.1|	0.0	0.0	0.0	0.0	0.0	1.461389543895044e-05
gi|446110277|ref|WP_000188132.1|	1.163644299498144e-05	0.0	0.0	0.0	1.5701801094999236e-05	0.0
gi|446110279|ref|WP_000188134.1|	0.0	1.323858752269509e-05	0.0	0.0	0.0	0.0
gi|446110295|ref|WP_000188150.1|	1.2648307603240697e-05	0.0	0.0	0.0	0.0	0.0
gi|446110299|ref|WP_000188154.1|	0.0	0.0	0.0	0.0	0.0	1.1106560533602334e-05
gi|446110309|ref|WP_000188164.1|	0.0	0.0	0.0	0.0	0.0	2.922779087790088e-05
gi|446110310|ref|WP_000188165.1|	0.0	0.0	0.0	2.9695949002958627e-05	0.0	0.0
gi|446110329|ref|WP_000188184.1|	0.0	0.0	0.0	0.0	4.8066738045916025e-05	0.0
gi|446110334|ref|WP_000188189.1|	0.0	0.0	0.0	0.0	0.0	1.461389543895044e-05
gi|446110340|ref|WP_000188195.1|	1.2648307603240697e-05	2.5936824534259768e-05	1.371359665779474e-05	5.7610141065739736e-05	3.0442267429080153e-05	0.0
gi|446110347|ref|WP_000188202.1|	0.0	0.0	1.3439324724638846e-05	0.0	0.0	0.0
gi|446110351|ref|WP_000188206.1|	0.0	0.0	0.0	2.9102030022899457e-05	1.6022246015305343e-05	0.0
gi|446289936|ref|WP_000367791.1|	0.0	0.0	0.0	0.0	0.0	0.00014423240310762288
gi|446533200|ref|WP_000610546.1|	0.0	0.0	0.0	0.0	0.0	1.5912375984509642e-05
gi|446533212|ref|WP_000610558.1|	0.0	0.0	0.0	0.0	2.127544143015955e-05	0.0
gi|446533244|ref|WP_000610590.1|	0.0	0.0	0.0	0.0	0.0	1.9405336566475175e-05
gi|446533247|ref|WP_000610593.1|	0.0	0.0	0.0	0.0	2.127544143015955e-05	0.0
gi|446533253|ref|WP_000610599.1|	1.6795293702663875e-05	0.0	0.0	0.0	0.0	1.552426925318014e-05
gi|446533256|ref|WP_000610602.1|	0.0	0.0	0.0	0.0	2.084993260155636e-05	0.0
gi|446657920|ref|WP_000735266.1|	0.0	0.0	1.8098595996437866e-05	0.0	0.0	0.0
gi|446657946|ref|WP_000735292.1|	0.0	1.7755939716658565e-05	0.0	0.0	6.317899848631559e-05	0.0
gi|446657952|ref|WP_000735298.1|	0.0	0.0	1.8025173700306272e-05	0.0	0.0	0.0
gi|446657953|ref|WP_000735299.1|	0.0	0.0	1.730416675229402e-05	0.0	0.0	0.0
gi|446657957|ref|WP_000735303.1|	0.0	0.0	0.0	0.0	0.0	1.920852787918841e-05
gi|446669097|ref|WP_000746443.1|	0.0	0.0	0.0	0.0	2.7984947218107442e-05	0.0
gi|446669101|ref|WP_000746447.1|	0.0	2.3122923759316493e-05	0.0	0.0	0.0	0.0
gi|446669117|ref|WP_000746463.1|	0.0	0.0	0.0	0.0	0.0	2.5014577249463847e-05
gi|446669122|ref|WP_000746468.1|	0.0	0.0	0.0	0.0	0.0	2.450407567294418e-05
gi|446782981|ref|WP_000860237.1|	0.0	7.957889345738794e-05	0.00012117832683069536	0.0	4.5305085460005216e-05	0.0
gi|446783051|ref|WP_000860307.1|	0.0	0.0	8.078555122046357e-05	0.0	0.0	4.3044564747454025e-05
gi|446966005|ref|WP_001043261.1|	9.073177114649415e-05	0.0	0.0	0.0	0.0	0.0
gi|447097679|ref|WP_001174935.1|	0.0	0.0	0.0	9.853076891064821e-05	0.0	0.0
gi|447110034|ref|WP_001187290.1|	0.0	0.0	5.102743606386312e-05	0.0	0.0	0.0
gi|447110050|ref|WP_001187306.1|	0.0	1.7097027891235687e-05	0.0	0.0	0.0	0.0
gi|447195835|ref|WP_001273091.1|	0.0007826475137647621	0.0011911868091249009	0.0006307609116860508	0.00015092529375621328	0.0006514456732811208	0.0015393073958118954
gi|447196024|ref|WP_001273280.1|	0.0	8.441348389886858e-06	0.0	0.0	0.0	0.0
gi|447197874|ref|WP_001275130.1|	0.0	0.0	0.0	0.0	0.0	1.3865013535051078e-05
gi|477451291|gb|ENH14582.1|	0.0	0.0	6.818217877941937e-05	0.0	0.0	7.120517769476538e-05
gi|481023147|ref|WP_001295185.1|	0.0	0.0	0.0	0.0	0.0	0.00015071306489824755
gi|485656255|ref|WP_001300410.1|	0.0	0.0	2.2785668292951258e-05	0.0	0.0	0.0
gi|485667622|ref|WP_001308821.1|	0.0	0.0	0.0	4.773451151359303e-05	0.0	0.0
gi|485729239|ref|WP_001357227.1|	3.7255015122272603e-05	3.978944672869397e-05	8.078555122046357e-05	0.0	0.0	0.0
gi|485750142|ref|WP_001376145.1|	0.0	0.0	7.071414297812461e-05	0.0	0.0	7.535653244912377e-05
gi|485763612|ref|WP_001388625.1|	0.0	0.0	0.0	0.0	0.0	1.808120771840981e-05
gi|485773414|ref|WP_001397246.1|	1.5807335249566e-05	2.5324045169660574e-05	0.0	0.0	1.982370542668984e-05	0.0
gi|485775886|ref|WP_001399403.1|	0.0	0.0	1.8025173700306272e-05	0.0	0.0	0.0
gi|485809243|ref|WP_001429309.1|	0.0	1.538732510211212e-05	6.838370683388458e-05	0.0	0.0	0.0
gi|485816296|ref|WP_001435599.1|	0.0	0.0	0.0	0.0	0.0	1.849571141492165e-05
gi|485890120|ref|WP_001482667.1|	0.0	0.0001007753703258218	4.114078997338422e-05	0.0	7.434322151101678e-05	8.300692609323851e-05
gi|485945193|ref|WP_001493217.1|	0.0	0.0	0.0	8.746806797235088e-05	0.0	4.3044564747454025e-05
gi|486029954|ref|WP_001504806.1|	0.0	0.0	0.0	0.0	1.0011972437722141e-05	0.0
gi|486030393|ref|WP_001504858.1|	0.0	0.0	0.0	0.0001476443091093391	0.00023898142905693292	0.0
gi|486135987|ref|WP_001514553.1|	0.0	0.0	2.9561284868502285e-05	0.0	0.0	1.920852787918841e-05
gi|486137290|ref|WP_001514840.1|	0.0	0.0	0.0	3.943232572524015e-05	0.0	0.0
gi|486144614|ref|WP_001516928.1|	0.0	0.0	1.700914535462104e-05	0.0	0.0	0.0
gi|486158330|ref|WP_001522010.1|	0.0	0.0	6.818217877941937e-05	0.0	0.0	0.0
gi|486163839|ref|WP_001527347.1|	0.0	0.0	0.0	0.0	4.5305085460005216e-05	0.0
gi|486165086|ref|WP_001528552.1|	0.0	0.0	1.7390236074855168e-05	0.0	0.0	0.0
gi|486168428|ref|WP_001531742.1|	0.0	6.826475900296886e-05	0.0	0.0	0.0	0.0
gi|486185351|ref|WP_001540447.1|	0.0	0.0	0.0	3.864367921073534e-05	0.0	3.881067313295035e-05
gi|486189080|ref|WP_001542462.1|	0.0	0.0	6.37220664992632e-05	0.0	0.0	0.0
gi|486198146|ref|WP_001547646.1|	0.0	0.0	3.4712541540042934e-05	0.0	0.0	0.0
gi|486202167|ref|WP_001550110.1|	0.0	0.0	7.071414297812461e-05	0.0	0.0	0.0
gi|486202913|ref|WP_001550439.1|	0.0	0.0	0.0	0.0	2.0424423772953167e-05	0.0
gi|486202959|ref|WP_001550478.1|	0.0	6.965791734996822e-05	0.0	0.0	0.0	0.0
gi|486233868|ref|WP_001560073.1|	0.0	0.0	0.0	1.8556388576583596e-05	0.0	0.0
gi|486280055|ref|WP_001570413.1|	0.0	0.0	0.0	0.0	0.0	8.949284628303845e-06
gi|486282886|ref|WP_001571248.1|	0.0	0.0	0.0	0.0	7.593109783253362e-05	0.0
gi|486286998|ref|WP_001572262.1|	6.522098138116689e-05	0.0	0.0	0.0	0.0	0.0
gi|486309014|ref|WP_001577542.1|	0.0	0.0	0.0	0.0	2.127544143015955e-05	0.0
gi|486361816|ref|WP_001594132.1|	0.0	0.0	5.833529956838726e-05	0.0	0.0	0.0
gi|486385683|ref|WP_001600222.1|	0.0	0.0	3.958492009802715e-05	0.0	0.0	0.0
gi|486386994|ref|WP_001600655.1|	1.564926189707034e-05	1.6882696779773716e-05	4.027592090740565e-05	7.422555430633438e-05	0.0	9.131923090105963e-06
gi|486387945|ref|WP_001601125.1|	1.6795293702663875e-05	0.0	0.0	0.0	0.0	0.0
gi|486390051|ref|WP_001602089.1|	0.0	0.0	1.371359665779474e-05	0.0	0.0	0.0
gi|486392882|ref|WP_001603305.1|	2.0595336565030696e-05	2.1996422345401074e-05	0.0	0.0	0.0	0.0
gi|486403059|ref|WP_001607116.1|	0.0	0.0	1.371359665779474e-05	0.0	0.0	0.0
gi|486414050|ref|WP_001611044.1|	0.0	0.0	2.536526082679164e-05	0.0	0.0	8.949284628303845e-06
gi|486420890|ref|WP_001612725.1|	0.0	0.0	0.0	0.0	0.0	1.461389543895044e-05
gi|486772027|ref|WP_001620939.1|	0.00012577140655089473	0.0	0.0	0.0	0.0	0.0
gi|486811418|ref|WP_001621377.1|	1.6292456917569924e-05	0.0	1.7664670226300148e-05	0.00019438136971705396	0.0	1.8824357321604642e-05
gi|487139409|ref|WP_001630683.1|	0.0	0.0	1.7845660699930268e-05	0.0	0.0	0.0
gi|487359045|ref|WP_001634240.1|	1.2395341451175884e-05	1.2428061755999471e-05	2.468447398403053e-05	0.0	6.216631453938472e-05	5.5825080576790684e-05
gi|487361978|ref|WP_001636780.1|	7.903667624783e-06	0.0	0.0	0.0	9.811732988967699e-06	8.584007704699606e-06
gi|487371629|ref|WP_001645359.1|	0.0	0.0	0.0	0.00012379506863132724	0.0	0.0
gi|487372611|ref|WP_001646232.1|	0.0	0.0	0.00013004503367196573	0.0002759724212903246	0.0	0.0
gi|487376640|ref|WP_001649706.1|	0.0	0.0	0.0	0.0001408022557603697	0.0	0.0
gi|487399507|ref|WP_001668994.1|	2.1288580069870054e-05	0.0	0.0	0.0	0.0	0.0
gi|487399647|ref|WP_001669103.1|	0.0	0.0	0.0	0.0	0.0	1.901722983514567e-05
gi|487475739|ref|WP_001697126.1|	0.0	8.272521422089121e-06	8.397957976437773e-06	0.00011133833145950158	0.0	0.0
gi|487501904|ref|WP_001704583.1|	0.0	0.0	0.00015995539141651789	0.0	0.0	0.0
gi|487576579|ref|WP_001721908.1|	1.5807335249566e-05	8.441348389886858e-06	0.0	0.0	0.0	0.0
gi|487582841|ref|WP_001723732.1|	0.0	0.0	0.0	0.0	0.0	4.3044564747454025e-05
gi|487583016|ref|WP_001723822.1|	0.0	0.0	0.0	0.0	0.0	1.812579718662322e-05
gi|487601151|ref|WP_001731206.1|	3.7255015122272603e-05	0.0	4.0392775610231784e-05	0.0	0.00014157839206251633	4.3044564747454025e-05
gi|487620990|ref|WP_001737026.1|	0.0	1.3508762778260295e-05	0.0	0.0	1.6022246015305343e-05	0.0
gi|487633470|ref|WP_001740535.1|	3.7255015122272603e-05	0.0	0.0	0.0	4.71927973541721e-05	0.0
gi|487634907|ref|WP_001741254.1|	0.0	0.0	0.0	0.0002816045115207394	0.0	0.0
gi|487637495|ref|WP_001742122.1|	1.6008014310351505e-05	0.0	0.0	0.0	0.0	0.0
gi|487660603|ref|WP_001751145.1|	0.0	0.0	2.395258931064957e-05	0.0	0.0	0.0
gi|487663012|ref|WP_001752778.1|	1.5175041839583362e-05	3.376539355954743e-05	3.427737949566438e-05	0.0	0.0	0.0
gi|487663500|ref|WP_001753174.1|	0.0	0.0	0.0	0.0	9.811732988967699e-06	0.0
gi|487732787|ref|WP_001817019.1|	0.0	0.0	0.0	4.934096142030049e-05	0.0	0.0
gi|487969243|ref|WP_002042236.1|	7.4726839255926025e-06	0.0	0.0	0.0	0.0	0.0
gi|489058813|ref|WP_002968895.1|	0.00020662445361932703	0.00010372005357345267	0.0	0.00024255850782248562	0.00026174156515759316	0.0004631450479213457
gi|489273629|ref|WP_003181339.1|	6.810737419897994e-06	6.943427531126199e-06	1.661481874959109e-05	1.817089230775939e-05	1.9215801906627962e-05	0.0
gi|489294780|ref|WP_003202298.1|	0.0	0.0	0.0	0.0	0.0	8.942213639697721e-06
gi|489506355|ref|WP_003411230.1|	2.1434776339399737e-05	0.0	8.025356734601084e-06	0.0	0.0	0.0
gi|489544697|ref|WP_003449357.1|	0.0	0.0	0.0	1.8153749956525653e-05	1.9589463052675212e-05	0.0
gi|489689654|ref|WP_003593850.1|	0.0	0.0	8.776701860988633e-06	0.0	0.0	0.0
gi|489922738|ref|WP_003826085.1|	0.0	0.0	0.0	0.0	0.0	8.940662966812224e-06
gi|490116465|ref|WP_004017051.1|	0.0	0.0	4.0392775610231784e-05	8.746806797235088e-05	0.0	0.0
gi|490522515|ref|WP_004387938.1|	0.0	0.0	0.0	0.0	0.0	4.127488094176272e-05
gi|490805434|ref|WP_004667559.1|	0.0	0.0	8.359746598542794e-06	0.0	0.0	0.0
gi|491017944|ref|WP_004879650.1|	7.556144177198469e-06	0.0	0.0	0.0	9.571747045681566e-06	0.0
gi|491130228|ref|WP_004988656.1|	0.0	0.0	7.071414297812461e-05	0.00015312712164920845	8.261869032825886e-05	0.0
gi|491172760|ref|WP_005031127.1|	0.0	0.0	1.7356270770021467e-05	0.0	0.0	1.849571141492165e-05
gi|491276012|ref|WP_005134118.1|	0.0	6.358604077708963e-05	0.0	0.0	0.0	0.0
gi|492158881|ref|WP_005766114.1|	1.6795293702663875e-05	0.0	1.8209857857071703e-05	0.0	0.0	0.0
gi|492246796|ref|WP_005788492.1|	0.0	6.447468421760042e-06	0.0	0.0	0.0	0.0
gi|493171912|ref|WP_006174388.1|	0.0	1.3550585573239433e-05	0.0	0.0	0.0	0.0
gi|493458922|ref|WP_006414163.1|	0.0	0.0	0.0	1.8414330099442288e-05	0.0	0.0
gi|493870778|ref|WP_006817302.1|	0.0	1.6755087333410975e-05	0.0	0.0	0.0	0.0
gi|494938585|ref|WP_007664615.1|	1.2414499629616649e-05	0.0	0.0	0.0	0.0	0.0
gi|495004199|ref|WP_007730213.1|	1.1401071088423452e-05	0.0	0.0	0.0	0.0	0.0
gi|495067432|ref|WP_007792257.1|	0.0	1.028252780994997e-05	0.0	0.0	0.0	0.0
gi|496018010|ref|WP_008742581.1|	0.0	4.2152543885935826e-05	0.0	9.08095447263508e-05	0.0	0.0
gi|496334960|ref|WP_009044138.1|	3.869737170396587e-05	0.0	0.0	0.0	0.0	0.0
gi|496339859|ref|WP_009049037.1|	1.5559237379925163e-05	0.0	3.3398590303225207e-05	1.8449640416027987e-05	9.954377198387211e-06	1.7977193100662485e-05
gi|496340078|ref|WP_009049256.1|	0.0	0.0	0.0	1.7807474461604202e-05	2.882370285994194e-05	0.0
gi|496667122|ref|WP_009309612.1|	3.148696065739564e-05	0.0	0.0	1.8574300148568718e-05	2.9864476781269526e-05	0.0
gi|497896441|ref|WP_010210597.1|	0.0	1.6531970312205236e-05	0.0	0.0	9.803980564606103e-06	0.0
gi|498321739|ref|WP_010635895.1|	0.0	0.00018825114581317575	0.0	0.0	0.0	0.0
gi|499256187|ref|WP_010953727.1|	1.5731484312667894e-05	4.15001638241311e-05	3.411290070729747e-05	3.6934692809821864e-05	9.96393034349123e-06	9.088103881420237e-05
gi|499320621|ref|WP_011011113.1|	0.0	0.0	9.837354945665304e-05	0.0	0.0	0.0
gi|499589362|ref|WP_011270145.1|	0.0	0.0	0.0	0.0001999093511113659	0.00021571944401892944	9.837888508358044e-05
gi|499772318|ref|WP_011453052.1|	0.0007177616957601374	9.654792220933095e-05	0.0	0.0	0.00022444339212263615	0.00020471488587245047
gi|501389935|ref|WP_012421501.1|	0.0	0.0	0.0	0.0	0.0	7.384940180014129e-05
gi|502019090|ref|WP_012695459.1|	0.0	0.0	0.0	0.0	8.899213215358167e-05	0.00018447670606051725
gi|502187851|ref|WP_012728223.1|	0.0	0.0	0.0	0.0	0.0	8.522823819995898e-05
gi|503278284|ref|WP_013512945.1|	9.073177114649415e-05	0.0	0.0	0.0	0.0	0.0
gi|503722573|ref|WP_013956649.1|	0.0	0.0	0.0	0.0	0.0	1.7626606190980225e-05
gi|504104202|ref|WP_014338188.1|	2.1360949180589164e-05	3.289862092128843e-05	0.0	0.0	9.803980564606103e-06	0.0
gi|504199703|ref|WP_014386805.1|	0.00017964890687005843	0.0	0.0	0.0	0.0002298689760424619	0.00010483178130376257
gi|504873101|ref|WP_015060203.1|	0.0	0.0	0.0	0.0	0.00011006094082598441	0.0
gi|504907940|ref|WP_015095042.1|	0.0	0.0	2.5173967802410743e-05	0.0	0.0	0.0
gi|505244441|ref|WP_015431543.1|	0.0	7.52509185500563e-05	0.0	0.0	0.0	7.310024329041315e-05
gi|505264501|ref|WP_015451603.1|	0.0	0.0	0.0	0.0	0.0	8.26656044616479e-06
gi|505288054|ref|WP_015475156.1|	0.0	2.4771403164173528e-05	8.495612461043011e-06	0.0	4.923210370255506e-05	0.0
gi|505289664|ref|WP_015476766.1|	7.681446416963423e-06	8.204009634782262e-06	0.0	1.3706336424533333e-05	5.799362314038469e-05	4.3310819787129006e-05
gi|506486765|ref|WP_015963310.1|	2.1015649556153773e-05	0.0	0.0	0.0	2.662157799466118e-05	0.0
gi|507083067|ref|WP_016153816.1|	7.451003024454521e-05	7.957889345738794e-05	0.0002019638780511589	0.0	4.71927973541721e-05	0.00021522282373727015
gi|507086291|ref|WP_016157032.1|	0.0	3.978944672869397e-05	0.0	0.0	0.0	0.0
gi|510916034|ref|WP_016237164.1|	0.0	0.0	0.0	0.0	0.0	9.131923090105963e-06
gi|510923188|ref|WP_016243973.1|	0.0	0.0	0.0	0.0	0.0	9.131923090105963e-06
gi|510923671|ref|WP_016244456.1|	0.0	0.0	0.0	0.0	1.6022246015305343e-05	0.0
gi|510924841|ref|WP_016245594.1|	0.0	0.0	1.8209857857071703e-05	3.864367921073534e-05	0.0	0.0
gi|510925114|ref|WP_016245857.1|	1.2648307603240697e-05	0.0	0.0	0.0	0.0	0.0
gi|510927038|ref|WP_016247755.1|	2.1015649556153773e-05	4.444175126927972e-05	2.2329954927092234e-05	0.0	2.662157799466118e-05	2.4281549344717654e-05
gi|510927091|ref|WP_016247806.1|	0.0	0.0	0.0	0.0	4.71927973541721e-05	4.3044564747454025e-05
gi|512735233|ref|WP_016493075.1|	1.481781392433893e-05	8.242634915548654e-06	1.6735236599342733e-05	3.1890429302160316e-05	1.6033108554976735e-05	0.0
gi|515715981|ref|WP_017148581.1|	0.0	8.392788379973799e-06	0.0	0.0	0.0	0.0
gi|516081407|ref|WP_017511990.1|	0.0	0.0	0.0	0.0	0.0	8.855351297281574e-06
gi|516574297|ref|WP_017949361.1|	0.0	8.471301561592908e-05	0.0	0.0	0.0	0.0
gi|517381192|ref|WP_018555350.1|	0.0	3.664330442921584e-05	0.0	0.0	0.0	0.0
gi|518286938|ref|WP_019457146.1|	0.0	2.1129568262823692e-05	0.0	0.0	0.0	0.0
gi|518679614|ref|WP_019841307.1|	0.0	0.0	0.0	1.8556388576583596e-05	0.0	0.0
gi|519083930|ref|WP_020239805.1|	0.0	0.0	1.3439324724638846e-05	0.0	0.0	0.0
gi|523461775|gb|EPR33768.1|	0.0	0.00011594275867963804	0.0	0.0	0.0	0.0
gi|544012122|gb|ERK10884.1|	6.81746117764323e-05	4.562915480680543e-05	9.855538596211822e-05	0.0	5.699773344032541e-05	5.251277769560011e-05
gi|544707441|ref|WP_021137831.1|	0.0	0.0	0.0	0.0	4.776885966929345e-05	0.0
gi|545156500|ref|WP_021511639.1|	0.0	0.0	5.407552110091882e-05	0.0	0.0	0.0
gi|545161961|ref|WP_021516817.1|	0.0	0.0	2.5501266241774445e-05	5.5784905430096695e-05	0.0	2.662082598729807e-05
gi|545163983|ref|WP_021518728.1|	5.272766691703702e-05	0.0	0.0	0.0	0.0	0.0
gi|545166026|ref|WP_021520619.1|	4.418384542803219e-05	0.0	0.0	5.0830499878271825e-05	0.0	0.0
gi|545231255|ref|WP_021530875.1|	0.0	1.2816512855509038e-05	0.0	0.0	0.0	0.0
gi|545235242|ref|WP_021534594.1|	0.0	3.768054779519657e-05	0.0	0.0	0.0	0.0
gi|545235907|ref|WP_021535235.1|	0.0	0.0	0.0	0.0	1.5201193876892917e-05	0.0
gi|545239202|ref|WP_021538207.1|	0.0	0.0	1.3010850123354309e-05	0.0	0.0	0.0
gi|545240861|ref|WP_021539663.1|	2.4000302567789085e-05	2.5376695453907894e-05	0.0	0.0	1.5201193876892917e-05	0.0
gi|545241141|ref|WP_021539942.1|	0.0	0.0	0.0	8.746806797235088e-05	0.0	0.0
gi|545245290|ref|WP_021543963.1|	1.2648307603240697e-05	1.3508762778260295e-05	0.0	2.9695949002958627e-05	0.0	0.0
gi|545247348|ref|WP_021545804.1|	0.0	0.0	6.818217877941937e-05	0.0	7.966047635231097e-05	0.0
gi|545247756|ref|WP_021546185.1|	0.0	5.63651479512816e-05	0.00012874458333524607	0.0001408022557603697	7.596889330183802e-05	0.0001371966761267632
gi|545249103|ref|WP_021547424.1|	3.004501489106189e-05	0.0	0.0	0.0	0.0	0.0
gi|545254099|ref|WP_021550525.1|	0.0	0.0	1.371359665779474e-05	0.0	0.0	0.0
gi|545262088|ref|WP_021555845.1|	0.0	0.0	0.0	5.634838932332999e-05	0.0	1.3587713264350056e-05
gi|545264457|ref|WP_021557437.1|	1.6795293702663875e-05	0.0	0.0	0.0	0.0	0.0
gi|545264458|ref|WP_021557438.1|	0.0	0.0	0.0	0.0	0.0	1.3865013535051078e-05
gi|545266912|ref|WP_021557970.1|	0.0	0.0	0.0	8.746806797235088e-05	0.0	0.0
gi|545269972|ref|WP_021560171.1|	0.0	2.5633025711018076e-05	0.0	0.0	0.0	1.3865013535051078e-05
gi|545275563|ref|WP_021562888.1|	0.0	0.0	2.2785668292951258e-05	0.0	0.0	0.0
gi|545277544|ref|WP_021564791.1|	0.0	0.0	1.7845660699930268e-05	0.0	0.0	0.0
gi|545277545|ref|WP_021564792.1|	0.0	0.0	0.0	0.0	0.0	1.3865013535051078e-05
gi|545286715|ref|WP_021569750.1|	0.0	0.0	0.0	0.0	0.0	1.3587713264350056e-05
gi|545287298|ref|WP_021570298.1|	6.162798920993841e-05	0.0	0.0	0.0	0.0	0.0
gi|545288391|ref|WP_021571368.1|	3.7255015122272603e-05	3.7402079924972326e-05	0.0	0.0	0.0	0.0
gi|545288529|ref|WP_021571502.1|	0.0	1.2560182598398858e-05	5.126274948601597e-05	2.8174194661664997e-05	1.5201193876892917e-05	4.1595040605153236e-05
gi|545292045|ref|WP_021573226.1|	0.0	0.0	0.0	9.868192284060097e-05	0.0	0.0
gi|545292605|ref|WP_021573478.1|	1.1760148258216651e-05	1.2816512855509038e-05	3.903255037006292e-05	2.8174194661664997e-05	3.0402387753785834e-05	5.518275386950329e-05
gi|545298012|ref|WP_021578216.1|	4.769863411556541e-05	1.757910802193938e-05	0.0	3.470044663821133e-05	4.25508828603191e-05	1.901722983514567e-05
gi|545298013|ref|WP_021578217.1|	0.0	0.0	0.0	2.76107107684317e-05	0.0	0.0
gi|545299543|ref|WP_021579426.1|	0.0	0.0	0.0	5.52214215368634e-05	0.0	0.0
gi|550713585|ref|WP_022646491.1|	0.0	0.0	0.0	0.0	0.0	0.0002432760055899212
gi|552325898|gb|ERV85344.1|	0.0	9.535597255242563e-06	0.0	0.0	0.0	0.0
gi|553764341|ref|WP_023096686.1|	0.0	0.0	0.0	0.0	9.580759990169026e-06	3.566781259676039e-05
gi|553776040|ref|WP_023107863.1|	0.0	0.0	0.0	0.0	8.560764390613002e-06	0.0
gi|553795210|ref|WP_023125876.1|	7.717611418926526e-06	0.0	8.367618299671367e-06	0.0	0.0	0.0
gi|553929620|ref|WP_023140654.1|	0.0	2.0917880565941967e-05	0.0	0.0	0.0	0.0
gi|553941003|ref|WP_023147955.1|	3.7255015122272603e-05	0.0	8.078555122046357e-05	0.0	0.0	4.3044564747454025e-05
gi|554677034|ref|WP_023178066.1|	0.0	0.0	3.4780472149710336e-05	0.0	0.0	0.0
gi|554685678|ref|WP_023185565.1|	0.0	0.0	0.0	0.0	1.5701801094999236e-05	0.0
gi|555222058|ref|WP_023214681.1|	0.0	0.0	0.0	0.00012632149860339513	0.0	0.0
gi|555241931|ref|WP_023226456.1|	1.6039341148532235e-05	0.0	1.7390236074855168e-05	0.0	0.0	1.8531906544892145e-05
gi|555267110|ref|WP_023248571.1|	0.0	0.0	0.0	0.0	2.114544891632966e-05	0.0
gi|556290479|ref|WP_023291164.1|	3.1328734724443905e-05	2.5348489228704652e-05	1.6812128226961334e-05	0.0	4.950688432868169e-05	9.140737687683288e-06
gi|556464170|ref|WP_023315960.1|	0.0	0.0003765022916263515	0.0	0.0	0.00033268384887521753	0.0004969101582028672
gi|556506918|ref|WP_023351917.1|	0.0	0.0	0.0	0.0	0.0	1.920852787918841e-05
gi|581978871|ref|WP_024130958.1|	0.0	0.0	0.0	0.0	0.0	1.944518325346999e-05
gi|585280414|ref|WP_024173233.1|	2.0595336565030696e-05	2.1996422345401074e-05	0.0	4.835414219189448e-05	0.0	0.0
gi|585287940|ref|WP_024176395.1|	0.0	0.0	0.0	0.0	2.1059666162105197e-05	0.0
gi|585316990|ref|WP_024198656.1|	0.0	0.0	7.071414297812461e-05	0.0	0.0	0.0
gi|585328100|ref|WP_024209766.1|	0.0	0.0	0.00014142828595624921	0.0	0.0	0.0
gi|585333963|ref|WP_024215613.1|	1.5177969123888836e-05	0.0	0.0	0.0	0.0	0.0
gi|585356222|ref|WP_024237824.1|	0.0	0.0	3.568984392660642e-05	0.0	4.169813900096829e-05	0.0
gi|585366301|ref|WP_024247885.1|	0.0	0.0	0.0	0.0	7.593109783253362e-05	7.067018092865587e-05
gi|585367767|ref|WP_024249346.1|	0.0	2.2445328923878646e-05	9.023124644008699e-05	0.0	0.0	0.0
gi|585368561|ref|WP_024250139.1|	0.0	0.0	0.0	0.0	2.7984947218107442e-05	0.0
gi|585368804|ref|WP_024250382.1|	0.0	0.0	0.0	0.00012379506863132724	6.542966390285217e-05	0.0
gi|585375643|ref|WP_024257193.1|	0.0	0.0	0.0	0.0	0.0	2.705658355554253e-05
gi|590120227|emb|CDN64284.1|	0.0	0.0	0.0	1.836161732244007e-05	0.0	0.0
gi|597810610|gb|AHN25441.1|	6.487680733693909e-05	0.0	0.0	0.0	8.218270779354508e-05	0.0
gi|610425508|gb|AHW74384.1|	0.00012112467970788136	0.0	0.0	0.0	0.0	6.997392298847207e-05
gi|633880440|emb|CDP67560.1|	6.574651991225994e-05	2.040152661536287e-05	4.816482728591323e-05	5.214898361495173e-05	0.0	2.5150157613959588e-05
gi|637008561|ref|WP_024410015.1|	0.0	0.0	0.0	0.0	7.536864525599633e-05	0.0
gi|638931161|ref|WP_024439378.1|	0.0	9.446415410409359e-05	0.0	0.0	0.0	0.0
gi|639148059|ref|WP_024490169.1|	3.921059398915601e-05	0.0	4.3398749609132755e-05	0.0	0.0	4.530404688369912e-05
gi|639209604|ref|WP_024547784.1|	1.2395341451175884e-05	0.0	1.097087732623579e-05	0.0	1.4740466334080913e-05	0.0
gi|639218559|ref|WP_024556062.1|	0.0	0.0	1.3439324724638846e-05	0.0	0.0	0.0
gi|639225329|ref|WP_024561799.1|	2.4790682902351768e-05	0.0	0.0	0.0	0.0	0.0
gi|639494054|ref|WP_024665043.1|	0.0	8.23488079051051e-06	0.0	0.0	0.0	0.0
gi|639824866|ref|WP_024748482.1|	0.0	0.0	0.0	0.0	2.662157799466118e-05	0.0
gi|643601187|ref|WP_025237288.1|	0.0	0.0	0.0	0.0	4.710540328499771e-05	0.0
gi|643605601|ref|WP_025238134.1|	0.0	8.272521422089121e-06	0.0	3.711277715316719e-05	0.0	0.0
gi|643606583|ref|WP_025238316.1|	0.0	0.0	0.0	0.0	0.0	1.8824357321604642e-05
gi|643944361|ref|WP_025269906.1|	0.0	6.826475900296886e-05	0.0	0.0	8.261869032825886e-05	0.0
gi|644964905|ref|WP_025385660.1|	7.606232254130655e-06	0.0	8.246858353755656e-06	0.0	9.635196126476803e-06	8.967617655719587e-06
gi|647321278|ref|WP_025758514.1|	1.6658746599390186e-05	0.0	0.0	0.0	0.0	0.0
gi|650091297|gb|KDU12832.1|	2.2837439610557194e-05	2.7101171146478866e-05	5.392373016449518e-05	8.817214529968249e-05	6.428740196853166e-05	2.931827939455073e-05
gi|652967258|ref|WP_027220230.1|	0.0	0.0	7.572767323100846e-05	0.0	0.0	0.0
gi|654549100|ref|WP_028016802.1|	0.0	0.0	0.0	0.0	0.0	2.2339025397140243e-05
gi|654665842|ref|WP_028126119.1|	5.272766691703702e-05	0.0	0.0	0.0	0.0	0.0
gi|654673714|ref|WP_028132670.1|	0.00013044196276233377	0.0	0.00020931386321524883	0.00015006457921622426	0.0	0.0
gi|654923461|ref|WP_028373991.1|	7.513733639253482e-06	0.0	2.4772220477144953e-05	3.600182404848866e-05	2.913680659845985e-05	0.0
gi|654933144|ref|WP_028383500.1|	0.0	0.0	0.0	0.0	1.9534177644248093e-05	0.0
gi|654934447|ref|WP_028384763.1|	3.530629125433834e-05	0.0	0.0	0.0	0.0	0.0
gi|655279967|ref|WP_028689378.1|	0.0	0.0	1.544003358547859e-05	0.0	0.0	8.763369366903766e-06
gi|655997348|ref|WP_029038923.1|	0.0	0.0	0.0	0.0	0.0	1.1123726778631086e-05
gi|657888313|ref|WP_029592374.1|	0.0	0.0	0.0	0.0	0.0	1.4029339621392423e-05
gi|662754041|ref|WP_030125200.1|	0.0	4.369556545913148e-05	0.0	7.300163543249784e-05	3.938753270025412e-05	0.0
gi|663330365|ref|WP_030329892.1|	0.0	0.0	0.0	0.00017118956301672626	0.0	0.0
gi|663350985|ref|WP_030349761.1|	0.0	8.225315969755463e-05	0.0	0.0	0.0	0.0
gi|664042835|ref|WP_030582300.1|	4.070912248460251e-05	0.0	0.0	0.0	0.0	0.0
gi|664244930|ref|WP_030776974.1|	0.0	0.0	0.0	8.260711377887913e-05	5.1825700921387e-05	0.0
gi|664352659|ref|WP_030880307.1|	4.091232941880185e-05	0.0	4.435812296631111e-05	0.0	0.0	0.0
gi|664556405|ref|WP_031071225.1|	0.0	0.0	8.414043291566555e-05	0.0	4.553085831113482e-05	0.0
gi|664579989|ref|WP_031094015.1|	0.0	0.0	0.0	9.605478346381294e-05	0.0	4.7270237493044355e-05
gi|671541568|ref|WP_031525212.1|	0.0	0.0	1.097087732623579e-05	5.9391898005917254e-05	4.326006424132442e-05	8.329920400201751e-05
gi|672386269|gb|AIJ27535.1|	0.0	0.0	0.0	0.0	4.776885966929345e-05	0.0
gi|672842658|gb|KFH86722.1|	0.0	6.405130449009273e-05	6.502251683598287e-05	0.0	0.0	0.00013581085111538177
gi|685895165|ref|WP_031636098.1|	0.0	0.0	0.0	0.0	0.0	8.738614086206298e-06
gi|689832880|dbj|GAL55001.1|	0.0	0.00013713334120594268	6.960634961554303e-05	0.0005908547923187107	0.00024397320825394458	0.0001468685044699032
gi|691004724|ref|WP_031970694.1|	0.0001762602865999994	0.0	0.0	0.0002069137091819053	0.0	0.0
gi|691008712|ref|WP_031973162.1|	0.0	9.224306144845612e-05	0.0	0.0	0.0	0.0
gi|691009446|ref|WP_031973547.1|	0.0	0.0	0.0	0.0002069137091819053	0.0	0.00020365170418150294
gi|691058615|ref|WP_032002719.1|	0.0003507579703339988	0.0	0.0	0.0	0.0	9.978933504893643e-05
gi|691109315|ref|WP_032031655.1|	0.0	9.224306144845612e-05	0.0	0.0	0.0	0.0
gi|692126801|ref|WP_032082759.1|	0.0	0.0	0.0	3.7583935456869514e-05	0.0	0.0
gi|692960352|ref|WP_032153701.1|	0.0	0.0	0.0	0.0	0.0	7.120153567248034e-05
gi|692980155|ref|WP_032170292.1|	0.0	0.0	0.0	0.0	0.0	1.3865013535051078e-05
gi|692982586|ref|WP_032172458.1|	0.0	0.0	0.0	1.8556388576583596e-05	0.0	0.0
gi|692987530|ref|WP_032176461.1|	3.7255015122272603e-05	0.0	0.0	0.0	0.0	0.0
gi|692987896|ref|WP_032176796.1|	3.3254681531274474e-05	0.0	0.0	0.0	4.042333871730314e-05	3.531771255098482e-05
gi|692988893|ref|WP_032177673.1|	0.0	6.716377197170849e-05	0.0	0.0	0.0	0.0
gi|692991107|ref|WP_032179343.1|	0.0	0.0	1.7845660699930268e-05	0.0	0.0	0.0
gi|692998250|ref|WP_032184969.1|	0.0	0.0	0.0	0.0	6.083446533936247e-05	0.0
gi|693018597|ref|WP_032197292.1|	0.0	0.0	6.681853520383098e-05	0.0	0.0	0.0
gi|693024424|ref|WP_032201428.1|	0.0	0.0	0.0	8.746806797235088e-05	4.71927973541721e-05	0.0
gi|693025622|ref|WP_032202292.1|	0.0	0.0	0.0	0.0	4.169986520311272e-05	0.0
gi|693033563|ref|WP_032208626.1|	7.903667624783e-06	0.0	8.569344873916096e-06	0.0	0.0	0.0
gi|693052542|ref|WP_032221381.1|	7.903667624783e-06	0.0	0.0	0.0	0.0	0.0
gi|693055084|ref|WP_032223202.1|	6.288570327544736e-05	0.0	0.0	0.00028938284585430454	0.0	7.265834458649529e-05
gi|693056672|ref|WP_032224529.1|	0.0	0.0	0.0	0.0	4.6248941407088665e-05	0.0
gi|693057297|ref|WP_032225054.1|	1.2395341451175884e-05	0.0	0.0	0.0	0.0	0.0
gi|693058717|ref|WP_032226301.1|	0.0	0.0	0.0	0.00011709721067292409	0.0	0.0
gi|693065682|ref|WP_032231403.1|	1.6008014310351505e-05	0.0	0.0	0.0	0.0	0.0
gi|693073900|ref|WP_032237193.1|	0.0	0.0	0.0	0.0	0.0	2.37959183578233e-05
gi|693075113|ref|WP_032238204.1|	5.380374175207859e-05	0.0	0.00011667059913677451	0.00012632149860339513	6.815589989880435e-05	0.0
gi|693076172|ref|WP_032239077.1|	0.0	0.0	0.0	0.0	0.0	3.881067313295035e-05
gi|693076173|ref|WP_032239078.1|	0.0	0.0	0.0	5.52214215368634e-05	0.0	0.0
gi|693087941|ref|WP_032247765.1|	0.0	0.0	1.8209857857071703e-05	0.0	2.127544143015955e-05	0.0
gi|693090341|ref|WP_032249281.1|	0.00012577140655089473	0.0	6.818217877941937e-05	0.0	0.00023898142905693292	0.0
gi|693095297|ref|WP_032252297.1|	0.0	0.0	2.395258931064957e-05	0.0	0.0	0.0
gi|693095311|ref|WP_032252308.1|	0.0	0.0	0.0	0.00028146440977371413	0.0	0.0
gi|693100241|ref|WP_032255739.1|	0.0	0.0	1.2490416118420136e-05	0.0	0.0	0.0
gi|693100882|ref|WP_032256232.1|	0.0	0.0	5.5592711076830846e-05	0.0	0.0	0.00012117758985776157
gi|693109128|ref|WP_032261806.1|	0.0	0.0	6.818217877941937e-05	0.0	7.966047635231097e-05	0.0
gi|693109437|ref|WP_032262032.1|	0.00014827496018664495	3.978944672869397e-05	0.0001607632469287225	0.0	0.0	0.0
gi|693114610|ref|WP_032265527.1|	0.0	8.272521422089121e-06	8.569344873916096e-06	0.0	0.0	0.0
gi|693120879|ref|WP_032269897.1|	0.0	0.0	0.0	1.8185260805051925e-05	0.0	0.0
gi|693136529|ref|WP_032279295.1|	0.0	3.844953856652711e-05	1.3010850123354309e-05	0.0	0.0	0.0
gi|693137385|ref|WP_032279889.1|	0.0	0.0	1.371359665779474e-05	0.0	0.0	0.0
gi|693139602|ref|WP_032281254.1|	0.0	0.0	0.0	0.0	3.869809383042112e-05	0.0
gi|693139934|ref|WP_032281480.1|	0.0	0.0	4.5571336585902516e-05	0.0	0.0	0.0
gi|693152976|ref|WP_032289982.1|	0.0	0.0	0.0	0.0	7.596889330183802e-05	0.0
gi|693157279|ref|WP_032293355.1|	0.0	0.0	1.713868974783219e-05	0.0	0.0	0.0
gi|693158997|ref|WP_032294834.1|	0.0	0.0	0.0	0.0001379862106451623	0.0	0.0
gi|693161604|ref|WP_032296651.1|	0.0001886571098263421	0.0	0.0	0.0	7.966047635231097e-05	0.0
gi|693163832|ref|WP_032298198.1|	0.0	0.0	1.8209857857071703e-05	0.0	2.127544143015955e-05	1.901722983514567e-05
gi|693165834|ref|WP_032299413.1|	0.0	0.0	0.0	0.0	0.0	1.901722983514567e-05
gi|693170425|ref|WP_032302786.1|	0.0	0.0	2.3473537524436583e-05	0.0	0.0	2.5014577249463847e-05
gi|693170426|ref|WP_032302787.1|	0.0	1.3508762778260295e-05	0.0	0.0	0.0	0.0
gi|693171092|ref|WP_032303433.1|	3.7255015122272603e-05	0.0	0.0	0.0	0.0	0.0
gi|693185028|ref|WP_032310966.1|	1.6624956038336658e-05	0.0	0.0	0.0	0.0	0.0
gi|693192921|ref|WP_032315848.1|	0.0	1.7097027891235687e-05	0.0	0.0	0.0	0.0
gi|693242080|ref|WP_032349961.1|	0.0	6.405130449009273e-05	0.0	0.0	0.0	0.0
gi|694065628|ref|WP_032412110.1|	0.0	0.0	0.0	0.0	0.0	3.713648723309759e-05
gi|694076105|ref|WP_032421853.1|	3.1170508791492175e-05	0.0	0.0	5.5722900445706157e-05	4.990774978883297e-05	8.957922933929622e-06
gi|695268617|ref|WP_032490794.1|	8.81301432999997e-05	0.0	0.0	0.0	0.0	0.0
gi|695269393|ref|WP_032491570.1|	0.0	9.412557290658788e-05	0.0	0.0	0.0	0.0
gi|695726525|ref|WP_032653128.1|	0.0	0.0	0.0	0.0	0.0	1.4659139697275366e-05
gi|695758049|ref|WP_032681265.1|	0.0	0.0	0.0	0.0	0.0001549614241480278	0.0
gi|695793471|ref|WP_032707680.1|	1.2648307603240697e-05	0.0	0.0	0.0	0.0	0.0
gi|695865802|ref|WP_032778631.1|	0.0	0.0	0.0	0.0	4.427542442682328e-05	0.0
gi|696369048|ref|WP_032944060.1|	3.7255015122272603e-05	0.0	0.0	0.0	0.0	0.0
gi|696420214|ref|WP_032990021.1|	0.0	4.058892556559199e-05	0.0	0.0	0.0	0.0
gi|717495702|gb|AIW80307.1|	0.0	0.0	0.0	0.00014581017104256842	0.0	0.0
gi|723045457|ref|WP_033545686.1|	0.0	0.0	0.0	0.0	0.0	8.43673469050099e-05
gi|723111645|ref|WP_033557217.1|	1.2648307603240697e-05	0.0	0.0	0.0	0.0	0.0
gi|727370340|ref|WP_033802462.1|	0.0	0.0	0.0	0.0	0.0	1.901722983514567e-05
gi|727736205|ref|WP_033855468.1|	0.0	2.156078394165683e-05	0.0	0.0	0.0	0.0
gi|727763004|ref|WP_033868126.1|	0.0	0.0	0.0	3.711277715316719e-05	0.0	0.0
gi|727765868|ref|WP_033870271.1|	6.288570327544736e-05	6.582049653227431e-05	0.0	0.0	7.806726682526473e-05	7.120517769476538e-05
gi|728954031|gb|KHG43314.1|	0.0	0.00014836742847987582	0.0	0.0	0.0	0.0
gi|730301854|ref|WP_033978234.1|	1.450910946758187e-05	0.0	0.0	0.0	0.0	0.0
gi|730340963|ref|WP_033991003.1|	0.0	0.0	0.0	0.0	0.0	6.776884393384476e-06
gi|730540353|ref|WP_034040953.1|	0.0	0.0	8.20026593367794e-06	0.0	0.0	0.0
gi|730661043|ref|WP_034065992.1|	0.0	6.500256148747034e-05	0.0	0.0	0.0	0.0
gi|730673470|ref|WP_034068088.1|	0.0	0.0	1.623317950136245e-05	0.0	1.916151998033805e-05	0.0
gi|734955114|ref|WP_034153081.1|	0.0	8.177888193237769e-06	0.0	0.0	0.0	0.0
gi|735686444|ref|WP_034174061.1|	0.0	0.0	0.0	0.0	0.0	2.513590015499476e-05
gi|736439011|ref|WP_034461021.1|	0.0	3.5226069538481586e-05	1.788010187978067e-05	0.0	0.0	0.0
gi|740410309|ref|WP_038243756.1|	4.36737299834812e-05	0.00011521271058102469	2.3202528654261025e-05	5.126902740830513e-05	5.477046854567682e-05	2.5230384310230602e-05
gi|740519890|ref|WP_038348201.1|	6.522098138116689e-05	6.965791734996822e-05	0.00021214242893437385	0.0004563188225146412	8.261869032825886e-05	0.0
gi|740572414|ref|WP_038358219.1|	0.0	0.0	2.4905669461103828e-05	0.0	0.0	0.0
gi|740796309|ref|WP_038581593.1|	0.0	8.35274645068003e-06	0.0	0.0	0.0	0.0
gi|740848669|ref|WP_038633922.1|	0.0	0.0	0.0	0.00011545784972350316	0.0	0.0
gi|742286984|ref|WP_038808353.1|	0.0	0.0	0.0	0.0	2.0160029937704585e-05	0.0
gi|742827468|ref|WP_038984467.1|	6.0899838961485855e-05	0.0	0.0	0.0	0.0	0.0
gi|742880942|ref|WP_039009457.1|	0.0	0.0	0.0	1.8309205474707128e-05	9.6810343573354e-06	1.8020559932330896e-05
gi|742917254|ref|WP_039022713.1|	2.075499033685264e-05	0.0	0.0	0.0	0.0	2.398038284121728e-05
gi|746618920|ref|WP_039644692.1|	0.0	0.00012936470364994097	0.0	0.0	0.0	0.0
gi|748767925|ref|WP_040019608.1|	0.0	0.0	3.508919768901676e-05	0.0	4.299619868094396e-05	0.0
gi|749017716|ref|WP_040076354.1|	0.0	0.0	0.0	0.0	1.6071850492132916e-05	2.8731913806659715e-05
gi|751651551|ref|WP_041118420.1|	0.0	3.306394062441047e-05	0.0	1.7080638769293826e-05	1.3333413567864299e-05	8.942213639697721e-06
gi|752536579|ref|WP_041208093.1|	0.0	0.0	0.0	0.0	0.00032288768367765496	0.0
gi|754616285|ref|WP_042005109.1|	0.0	0.0	0.0	0.0	0.00015613453365052947	0.0
gi|754650824|ref|WP_042034967.1|	0.0	0.0	0.0	0.00014469142292715227	0.0	0.0
gi|754653900|ref|WP_042037551.1|	0.0	0.0	0.0	5.610196779567695e-05	0.0	2.760875873014544e-05
gi|754690819|ref|WP_042068768.1|	0.0	0.0	0.0	5.610196779567695e-05	0.0	0.0
gi|754720184|ref|WP_042093261.1|	0.0	0.00013164099306454862	0.0	0.00014469142292715227	0.0	0.0
gi|754931714|ref|WP_042288532.1|	0.0	1.7097027891235687e-05	1.7356270770021467e-05	0.0	0.0	0.0
gi|754970141|ref|WP_042326041.1|	0.0	0.0	0.0	0.0	0.0	2.4281549344717654e-05
gi|756166813|ref|WP_042615010.1|	0.0	0.0	0.0	0.0	2.912624172583828e-05	0.0
gi|757686578|ref|WP_042917070.1|	7.578694413385849e-05	8.918530978623645e-05	1.6400531867355878e-05	1.8119562103500177e-05	8.720446848194664e-05	7.811250958690527e-05
gi|757781454|ref|WP_043000038.1|	7.30198296396543e-05	7.957889345738794e-05	0.0	0.0	9.344173876126077e-05	8.608912949490805e-05
gi|757799830|ref|WP_043017032.1|	3.7255015122272603e-05	0.0	0.0	0.0	0.0	0.0
gi|759528585|ref|WP_043248665.1|	0.0	0.0	0.0	0.0	2.9550714370004987e-05	0.0
gi|763189942|ref|WP_044067173.1|	0.0	4.399284469080215e-05	4.5571336585902516e-05	0.0	0.0	0.0
gi|763399392|ref|WP_044256358.1|	0.0	0.0	0.0	0.0	1.6022246015305343e-05	0.0
gi|764403570|ref|WP_044352035.1|	0.0	0.0	0.0	0.0	0.00011493448802123095	0.0
gi|764440891|ref|WP_044366757.1|	0.0	0.0	0.0	0.0	0.0	2.847412665754134e-05
gi|764528042|ref|WP_044407471.1|	0.0	8.077782217237683e-06	0.0	0.0	0.0	8.916953149190098e-06
gi|765410328|ref|WP_044688844.1|	0.0	0.0	0.0	0.0	0.0	2.331028737092895e-05
gi|766961649|ref|WP_044860626.1|	0.00011661739610187923	7.483854579156203e-05	6.747089555635012e-05	2.9102030022899457e-05	9.132680228724047e-05	4.2672574681735285e-05
gi|766974895|ref|WP_044866836.1|	0.0	0.0	0.0	0.00015006457921622426	0.0	0.0
gi|769989475|ref|WP_045105425.1|	0.0	0.0	0.0	3.5314822949136416e-05	0.0	0.0
gi|779866095|ref|WP_045354445.1|	2.4867434242606724e-05	1.3550585573239433e-05	0.0	0.0	0.0	0.0
gi|779903733|ref|WP_045374054.1|	5.691738421458314e-05	0.0	0.0	0.0	0.0	1.4321617530171432e-05
gi|779946719|ref|WP_045395214.1|	0.0	0.0	0.0	0.0	0.0	1.849571141492165e-05
gi|780033092|ref|WP_045444768.1|	0.0	0.0	0.0	0.0	1.538135617469313e-05	1.461389543895044e-05
gi|780147796|ref|WP_045491627.1|	1.5420702402445853e-05	0.0	0.0	1.7378415762709788e-05	3.8873013512053705e-05	1.7282615460219547e-05
gi|797196724|ref|WP_045857721.1|	3.201602862070301e-05	0.0	3.4712541540042934e-05	3.7583935456869514e-05	0.0	3.625159437324644e-05
gi|798832510|ref|WP_045890489.1|	1.2687466450309554e-05	0.0	0.0	0.0	4.725124044687076e-05	0.0
gi|798872593|ref|WP_045897770.1|	0.0	0.0	1.1279963962981133e-05	0.0	0.0	0.0
gi|803453816|ref|WP_046068030.1|	2.2754054561931934e-05	0.0	8.22349614878751e-06	0.0	3.6862966922918944e-05	0.0
gi|803568669|ref|WP_046077412.1|	0.0	0.0	0.0	5.7610141065739736e-05	0.0	0.0
gi|804348366|emb|CQW48663.1|	0.00015910082928688178	0.0	0.0001742433457696273	0.0001886566171952666	0.00029925785616351485	9.284121808274398e-05
gi|808041102|ref|WP_046203752.1|	0.0	9.279517611638876e-05	0.0	0.0	0.0	0.0
gi|808074169|ref|WP_046235276.1|	0.0	2.3716456676670273e-05	0.0	0.0	0.0	0.0
gi|810369244|ref|WP_046334012.1|	3.800357029474485e-05	0.0	0.0	2.9741846914864284e-05	0.0	0.0
gi|81246703|gb|ABB67411.1|	0.0	0.0	0.0	0.0	2.0555085069817183e-05	1.913091766553512e-05
gi|817122037|ref|WP_046494699.1|	7.78161849307632e-05	7.796914096330701e-05	7.480241251669678e-05	8.664047450703337e-05	8.841143308569534e-05	0.00013532705576067437
gi|817600173|ref|WP_046594139.1|	1.5807335249566e-05	0.0	1.696730285035387e-05	0.0	1.982370542668984e-05	1.8263846180211927e-05
gi|817601660|ref|WP_046595348.1|	7.587520919791681e-06	8.272521422089121e-06	4.216117677966719e-05	3.637052161010385e-05	0.0	1.771593079480557e-05
gi|817602846|ref|WP_046596462.1|	0.0	0.0	1.3439324724638846e-05	0.0	0.0	0.0
gi|817604860|ref|WP_046598079.1|	2.323678281686202e-05	8.441348389886858e-06	2.5708034621748287e-05	3.711277715316719e-05	2.0023944875444282e-05	7.670815395689009e-06
gi|817679700|ref|WP_046644376.1|	6.522098138116689e-05	0.0	0.0	0.0	0.0	0.0
gi|822029104|ref|WP_046888658.1|	1.6658746599390186e-05	0.0	1.806181023221746e-05	0.0	0.0	0.0
gi|823291602|ref|WP_047047573.1|	1.2648307603240697e-05	1.2157886500434268e-05	1.3439324724638846e-05	0.0	0.0	1.4321617530171432e-05
gi|823638391|ref|WP_047085413.1|	9.558137990553904e-05	0.0	0.0	0.0	0.0	2.760875873014544e-05
gi|829058483|ref|WP_047292171.1|	0.0	0.0	0.0	0.0	0.0	8.846909589657854e-06
gi|835233765|ref|WP_047410073.1|	0.0	0.0	2.742719331558948e-05	0.0	0.0	4.3549408408072314e-05
gi|835654404|ref|WP_047601948.1|	0.0	0.0	6.929986011856211e-05	0.0	0.0	0.0
gi|835659055|ref|WP_047603455.1|	0.0	0.0	7.18577679319487e-05	0.0	2.7984947218107442e-05	0.0
gi|835690637|ref|WP_047617978.1|	0.0	0.0	0.0	0.00014360429070087456	0.0	0.0
gi|835745598|ref|WP_047645047.1|	0.0	0.0	0.0	0.0	0.0	7.535653244912377e-05
gi|835750307|ref|WP_047648643.1|	0.0	0.0	0.0	3.122592284611309e-05	0.0	1.920852787918841e-05
gi|836563560|ref|WP_047722176.1|	0.0	0.0	0.0	0.0	0.0	7.174094124575671e-05
gi|846280845|gb|AKN19377.1|	0.0	0.00011442716706291075	0.0	0.00012577107813017773	0.00012893195617022182	0.0
gi|847056821|ref|WP_047959478.1|	0.0	0.0	1.7700574027573115e-05	0.0	0.0	0.0
gi|851928593|ref|WP_048220996.1|	0.0	7.798731558824018e-05	3.958492009802715e-05	0.00017143741322580772	4.6248941407088665e-05	8.43673469050099e-05
gi|851935911|ref|WP_048224705.1|	0.0	3.899365779412009e-05	0.0	0.0	0.0	8.522823819995899e-05
gi|852273548|ref|WP_048328542.1|	1.493058132417061e-05	7.368868197616996e-05	8.520048546741124e-06	9.040323803853713e-05	9.954377198387211e-06	1.7977193100662485e-05
gi|852275723|ref|WP_048329135.1|	2.1732092154659014e-05	7.957889345738793e-06	2.2720936280755375e-05	1.822251416090643e-05	9.635196126476803e-06	3.4256299444848826e-05
gi|895808656|emb|COR83787.1|	0.0	0.0	0.0	0.0	0.0	6.987428374538169e-05
gi|895859667|ref|WP_048970095.1|	0.0	0.0	0.0	0.00015352885677518836	8.227574482123589e-05	0.00012711489255339792
gi|895910528|ref|WP_049009761.1|	4.418384542803219e-05	0.0	4.790517862129914e-05	0.00010166099975654365	5.541019549185274e-05	0.0
gi|895964662|ref|WP_049044610.1|	0.0	0.0	0.0	0.0	0.0	1.461389543895044e-05
gi|895967513|ref|WP_049046752.1|	3.4150430528749875e-05	0.0	0.0	5.8797979025858084e-05	4.710540328499771e-05	4.062662932028223e-05
gi|895981299|ref|WP_049056431.1|	0.0	0.0	0.0	0.0	1.6022246015305343e-05	0.0
gi|896190680|ref|WP_049199932.1|	0.0001017597908615112	0.00011521271058102469	2.367604964720513e-05	0.00015175632112858319	0.00010566827769923509	2.1193522820593705e-05
gi|903572323|emb|CSR65384.1|	0.0	0.0	5.1783183490950145e-05	2.76107107684317e-05	0.0	2.7730027070102155e-05
gi|903599518|emb|CSG56379.1|	2.4638592823196234e-05	2.6851773865989794e-05	0.0	0.0	0.0	2.84675096918745e-05
gi|909634014|ref|WP_049883167.1|	0.0	0.0	0.0	0.0	0.0	2.5636486628594164e-05
gi|910140813|ref|WP_050008485.1|	0.0	0.0	0.0	2.9102030022899457e-05	0.0	0.0
gi|91073621|gb|ABE08502.1|	1.5596468466722277e-05	0.0	0.0	0.0	0.0	0.0
gi|912582490|ref|WP_050191227.1|	0.0	1.7097027891235687e-05	0.0	0.0	0.0	0.0
gi|916992013|ref|WP_051598725.1|	0.0	0.0	0.0	0.0	3.8323039960676104e-05	0.0
gi|917166849|ref|WP_051773561.1|	0.0	4.235650780796454e-05	0.0	0.0	0.0	0.0
gi|917229923|ref|WP_051836635.1|	3.9658564484999866e-05	0.0	0.0	0.0	0.0	0.0
gi|919594850|ref|WP_052892342.1|	2.5296615206481393e-05	0.0	0.0	0.0	0.0	1.4321617530171432e-05
gi|919965280|ref|WP_052922694.1|	0.0	0.0	5.102743606386312e-05	0.0	0.0	0.0
gi|919973700|ref|WP_052924616.1|	8.81301432999997e-05	0.0	0.0	0.0	0.0	7.942416463078614e-05
gi|919997430|ref|WP_052930349.1|	0.0	0.0	0.0	0.00015312712164920845	0.0	0.0
gi|920261839|ref|WP_052973340.1|	0.0	0.0	1.8025173700306272e-05	0.0	0.0	0.0
gi|920365999|ref|WP_052982445.1|	0.0	1.6755087333410975e-05	0.0	3.7583935456869514e-05	0.0	1.849571141492165e-05
gi|920448128|ref|WP_052989234.1|	0.0	0.0	0.0	0.0	4.2119332324210395e-05	1.920852787918841e-05
gi|920472198|ref|WP_052991689.1|	0.0	1.6755087333410975e-05	0.0	0.0	0.0	0.0
gi|920477870|ref|WP_052992011.1|	0.0	0.0	0.0	0.0	2.1059666162105197e-05	0.0
gi|922960663|ref|WP_053388845.1|	0.0	0.0	0.0	0.0	0.0	1.4321617530171432e-05
gi|924348018|ref|WP_053483923.1|	9.995247959634112e-05	0.0	0.0	0.0	0.0	0.0
gi|926351744|ref|WP_053683383.1|	0.0	0.0	0.0	0.0	0.0	4.121118513784025e-05
gi|928811857|ref|WP_053876925.1|	0.0	0.0	0.0	0.0	0.0	7.067018092865587e-05
gi|928815727|ref|WP_053878783.1|	0.0	0.0	0.0	0.0	0.0	2.3853411195062687e-05
gi|928824385|ref|WP_053884538.1|	0.0	0.0	0.0	0.0	0.0001488990308716025	0.0
gi|928831144|ref|WP_053888514.1|	0.0	0.0	0.0	0.0	0.0	2.922779087790088e-05
gi|928831193|ref|WP_053888540.1|	0.0	0.0	0.0	4.934096142030049e-05	0.0	0.0
gi|928844228|ref|WP_053895302.1|	0.0	0.0	0.0	0.0	0.0	2.331028737092895e-05
gi|928854569|ref|WP_053901360.1|	2.0595336565030696e-05	2.2445328923878646e-05	2.2785668292951258e-05	4.835414219189448e-05	0.0	4.856309868943531e-05
gi|928884686|ref|WP_053919771.1|	2.0645096541309753e-05	0.0	2.2383905879725422e-05	0.0	0.0	0.0
gi|929023108|ref|WP_054046871.1|	0.0	0.0	2.4905669461103828e-05	0.0	9.89744081784353e-06	1.8054917529913985e-05
gi|929538748|ref|WP_054078943.1|	2.282263955561986e-05	2.4704642371531526e-05	2.5079239795628383e-05	0.0	1.9534177644248093e-05	0.0
gi|929544294|ref|WP_054083186.1|	0.0	0.0	0.0	0.0	2.695716514906237e-05	1.7104444166815223e-05
gi|929551065|ref|WP_054089584.1|	0.0	0.0	0.0	0.0	0.0	8.90856467021626e-06
gi|930176934|ref|WP_054177682.1|	0.0	0.0	0.0	0.0	0.0	1.7755882958324787e-05
gi|930178119|ref|WP_054178867.1|	0.0	0.0	1.72691380746578e-05	0.0	0.0	0.0
gi|930430030|ref|WP_054192373.1|	0.0	0.0	0.0	0.0	0.0	7.138775507346991e-05
gi|930482089|ref|WP_054228897.1|	0.0	0.0	0.0	0.0	5.1998741659021014e-05	0.0
gi|935475754|ref|WP_054411816.1|	0.0	0.0	1.8025173700306272e-05	0.0	0.0	0.0
gi|938232076|ref|WP_054615922.1|	7.813253886463271e-06	0.0	8.301889820367943e-06	0.0	0.0	0.0
gi|938458676|ref|WP_054623545.1|	6.391656175354355e-05	0.0	0.0	0.0	0.0	0.0
gi|938782788|ref|WP_054658106.1|	0.0	8.360724240986315e-06	0.0	0.0	0.0	0.0
gi|938857589|ref|WP_054662856.1|	0.0	0.0	1.6619622941919793e-05	0.0	0.0	0.0
gi|940169821|gb|KPX83830.1|	0.0	7.770026046736462e-06	2.36635297342661e-05	0.0	1.8431483461459472e-05	0.0
gi|943909899|ref|WP_055545300.1|	0.0	0.0	5.322974755957333e-05	0.0	0.0	0.0
gi|943938624|ref|WP_055567802.1|	8.168873747740836e-05	0.0	8.856887675333215e-05	0.0	5.173961171719865e-05	4.341637826354499e-05
gi|944009777|ref|WP_055601444.1|	0.0	4.181693446009238e-05	0.0	0.0	9.919505176354645e-05	0.0
gi|944470764|ref|WP_055701183.1|	0.0	0.0	0.0	0.0	0.0	4.7270237493044355e-05
gi|946849325|ref|WP_055772372.1|	0.0	0.0	1.695879892032632e-05	0.0	9.906884940761318e-06	2.7108218256984404e-05
gi|948080602|ref|WP_056739344.1|	0.0	8.177888193237769e-06	0.0	0.0	0.0	0.0
gi|948137056|ref|WP_056795395.1|	0.00010782913347017903	0.0	0.0	0.0	0.0	3.964104102323673e-05
gi|950517283|ref|WP_057401815.1|	7.710351201222927e-06	1.61403663494006e-05	0.0	0.0	0.0	1.7638958047028194e-05
gi|950554518|ref|WP_057427257.1|	7.732172949905634e-06	0.0	0.0	0.0	0.0	0.0
gi|950580033|ref|WP_057445338.1|	0.0	0.0	0.0	0.0	0.0	8.90856467021626e-06
gi|950633713|ref|WP_057483912.1|	0.0	0.0	1.7356270770021467e-05	3.7583935456869514e-05	0.0	0.0
gi|950763791|ref|WP_057508902.1|	0.0	0.0	8.47939946016316e-06	0.0	0.0	0.0
gi|951150103|ref|WP_057630678.1|	7.664295095765242e-06	0.0	0.0	0.0	0.0	0.0
gi|951155204|ref|WP_057635531.1|	0.0	8.193509756166588e-06	0.0	0.0	0.0	0.0
gi|951157033|ref|WP_057637070.1|	0.0	1.6402685878979768e-05	0.0	1.729292204271717e-05	3.930627634316896e-05	0.0
gi|951161669|ref|WP_057641377.1|	0.0	2.5058239352040093e-05	0.0	0.0	1.961563218270741e-05	0.0
gi|951185348|ref|WP_057663064.1|	1.5529458935178895e-05	0.0	0.0	0.0	9.935325758773073e-06	0.0
gi|951403324|ref|WP_057777625.1|	0.0	0.0	0.0	0.0	2.6152179893999653e-05	0.0
gi|953808775|ref|WP_058042812.1|	8.007377263451618e-05	4.232864168440667e-05	0.0001718818898993284	9.49488895752493e-05	5.1229023443673666e-05	4.672600778506523e-05
gi|959843707|ref|WP_058131000.1|	0.00013363211946032562	0.0	0.0	0.0	0.0	0.0
gi|966396486|ref|WP_058441292.1|	0.0	0.0	0.0	5.3945498930078295e-05	1.855746876203569e-05	0.0
gi|966407319|ref|WP_058450725.1|	0.0	0.0	8.20026593367794e-06	0.0	0.0	0.0
gi|966432980|ref|WP_058473413.1|	0.0	0.0	0.0	5.2873220901417337e-05	0.0	0.0
gi|966433657|ref|WP_058474090.1|	1.765314562716917e-05	0.0	0.0	0.0	4.518062093951069e-05	0.0
gi|966441110|ref|WP_058481433.1|	0.0	1.846929922879157e-05	0.00011483976819647434	8.458450529194369e-05	0.0	0.0
gi|966458774|ref|WP_058491627.1|	3.602682781054932e-05	0.0	1.953057282252965e-05	4.2292252645971846e-05	0.0	0.0
gi|966461601|ref|WP_058493954.1|	0.0	0.0	8.431129634014223e-06	0.0	0.0	8.984634008007482e-06
gi|966506160|ref|WP_058522806.1|	0.0	0.0	2.500866032153187e-05	0.0	0.0	8.528153916193518e-06
gi|966510466|ref|WP_058527057.1|	0.0	0.0	8.415161585464954e-06	0.0	0.0	0.0
gi|966511896|ref|WP_058528450.1|	0.0	8.250403657222122e-06	0.0	0.0	0.0	0.0
gi|966514950|ref|WP_058531469.1|	0.0	0.0	8.423138041944068e-06	0.0	0.0	8.617073056551933e-06
gi|970297680|ref|WP_058670439.1|	0.0	0.0	1.7356270770021467e-05	0.0	0.0	0.0
gi|970316164|ref|WP_058684530.1|	0.0	0.0	0.0	0.0	0.0001549614241480278	0.0
gi|970317850|ref|WP_058685394.1|	0.0	0.0	0.0	0.0	8.025670813850618e-05	0.0
gi|970529325|ref|WP_058800662.1|	0.0	0.0	0.0	0.0	2.0278155113120822e-05	0.0
gi|970558766|ref|WP_058820271.1|	1.2395341451175884e-05	0.0	0.0	0.0	0.0	0.0
gi|971845730|ref|WP_058914924.1|	1.2648307603240697e-05	1.3508762778260295e-05	0.0	0.0	0.0	1.461389543895044e-05
gi|972342892|ref|WP_058998952.1|	0.0	0.0	0.0	0.0	0.0	0.00010273514567768732
gi|974628099|ref|WP_059215553.1|	0.0	0.0	0.0	0.0	0.0	1.920852787918841e-05
gi|974652669|ref|WP_059238406.1|	0.0	0.0	0.0	0.0	1.6022246015305343e-05	0.0
gi|974662324|ref|WP_059247051.1|	8.81301432999997e-05	0.0	0.0	0.0002069137091819053	0.0	0.0
gi|974688082|ref|WP_059271287.1|	0.0	0.0	0.0	0.0	1.3779131573162596e-05	0.0
gi|979505419|ref|WP_059334195.1|	2.5296615206481393e-05	0.0	0.0	0.0	0.0	0.0
gi|979830739|ref|WP_059342912.1|	0.0	0.0	0.0	0.0	1.6022246015305343e-05	0.0
gi|981221320|ref|WP_059443281.1|	0.0	0.00029341938369763145	0.0	0.0	0.0	7.935590148971971e-05
gi|985599614|ref|WP_060839111.1|	3.807821375670242e-05	8.265985156102618e-06	0.0	0.0	0.0	8.047992275727948e-06
gi|987444470|gb|AMD83510.1|	0.0	0.0	0.0	0.0	0.0	0.00014276086800663144
gi|998245120|ref|WP_061098715.1|	0.0	1.3279573861774641e-05	0.0	0.0	0.0	0.0
