gene	AUGLS01_trimmed	AUGLS05_trimmed	AUGLS16_trimmed	SEPLS01_trimmed	SEPLS05_trimmed	SEPLS16_trimmed
A4VLM0	5.916626248972758e-05	0.0	0.0	0.0	0.00011553293683603341	9.847807848896315e-05
A8A0L0	0.0	0.0	0.0	6.537851639165667e-05	0.0	0.0
AAB58161	5.300190992263814e-06	1.6979402741146684e-05	4.940233424629667e-06	9.503545066915728e-06	5.174795612908994e-06	0.0
AAC27754	5.325391970820961e-06	1.1222297168897998e-05	1.4891168706130278e-05	0.0	0.0	4.848259655814636e-06
AAC43174	2.2763868137566645e-05	1.1992680273730133e-05	3.1190285207549185e-05	9.796059669176097e-05	0.0	0.0
AAC44147	0.0	0.0	3.854530106983883e-05	0.0	0.0	0.0
AAC60780	0.0	0.0	0.0	0.0	4.3345267562726856e-05	1.4034010937540703e-05
AAC60781	0.0	0.0	0.0	0.0	1.9443347906551963e-05	0.0
AAC76696	0.0	4.5471055425103376e-05	0.0	0.0	0.0	0.0
AAG07763	7.333096131199465e-05	4.024262850202567e-05	4.678772050967378e-06	4.8524816855041255e-05	1.523546887669756e-05	2.9389994457436252e-05
AAK63223	0.0	0.0	0.0	0.00018635758258785174	0.0	0.0
AAK69613	0.0	0.0	0.0	0.0	0.0	3.873111842076184e-05
AAP43530	0.0	0.0	0.00011364504117434547	7.28731268072856e-05	0.0	3.777134241306686e-05
AAQ92181	2.013994135224408e-05	1.1282722569412101e-05	4.9400410179687916e-06	2.8509524800560204e-05	0.0	9.951827832388118e-06
AAR05762	0.0	0.0	0.0	0.0	0.0	0.00010499864661575303
AAR96043	0.0	3.800277904922276e-05	0.0	6.790450452497068e-05	4.108314080440273e-05	0.0
AAS87172	0.0032504558497012427	0.0017064809551144138	0.0029332528922649628	0.005277079193659274	0.0021320461729232775	0.0019193656712184664
AAS89471	0.0	0.0	0.0	0.0	0.0	6.0199224059698405e-05
AAZ14842	8.126364513266896e-05	0.0	0.0	0.0	4.007124078458985e-05	0.0
AAZ91706	8.126364513266896e-05	0.0	0.0	0.0	0.00011861087272238595	0.0
AB084246.gene.p01	0.0	0.00013403188905853415	0.0	7.450868326929451e-05	8.114176438176299e-05	3.861907827769929e-05
AB715422.1.gene3.p01	0.0	0.0	0.0	0.0	0.0	9.18738157887839e-05
ABB72057	0.00020935754419442064	0.0	0.0	0.0	0.0	0.0
ABC36050	5.23504601844134e-06	1.1031909469519897e-05	0.0	0.0	0.0	0.0
ABG69871	0.0	8.252032022116943e-05	9.413023612420535e-05	0.0	0.0	0.0
ABG71850	0.0	0.0	3.7652094449682136e-05	0.0	0.0	0.0
ABK51578	0.0	0.0	0.0	0.0	0.0	3.5437643911573035e-05
ABM94007	0.0012956331113110355	0.0012346045692923438	0.0006386984232175029	0.0011154446609968516	0.0007820500192703356	0.0006553794471972955
ABQ96629	5.9724557264153353e-05	0.0	0.0	0.0	0.00017493466407035997	0.00011327810978975507
ABR13270	1.399089124827774e-05	0.0	0.0	0.0	0.0	0.0
ABW39616	0.0	0.0	0.0	0.0	4.0570882190881496e-05	0.0
ACA48664	0.0	0.0	0.0	0.0	0.0	7.5249030074623e-05
ACB17731	0.0	0.0	1.2404938208055421e-05	0.0	1.2993924436326493e-05	0.0
ACB18310	0.0	0.0	9.785187516093861e-06	9.603980067819702e-06	0.0	0.0
ACI75321	0.0	4.581993820330111e-05	0.0	0.0	4.160850066123652e-05	0.0
ACN65403	0.00011944911452830671	0.0	0.0	0.0	0.0	0.0
AF001493.1.orf0.gene.p01	0.0	0.0	0.0	0.0002047581982599116	0.0	0.0
AF047479.2.gene10.p01	0.0	0.0	0.00011811018220907894	0.0	0.00012124369036785254	0.0
AF133140.gene.p01	4.1764420580984165e-05	0.0	0.0	0.0	0.0	7.92135569788103e-05
AF170880.4.gene1.p01	0.0	0.0	0.0	0.0	4.973264498546624e-05	0.0
AF191564.1.gene5.p01	0.00011571632969929712	0.00012316972138274877	0.0	0.0	0.0	0.0
AF250872.1.gene1.p1	0.00011069925806198495	4.7607877050674673e-05	0.00010752569280341918	0.0002946010811698728	0.00017065304641828823	0.0003856644345572811
AF313472.2.gene15.p01	0.0	0.0	0.0	0.0	5.118313092575476e-05	0.00023437113636725279
AF326777.3.gene18.p01	0.0009815281006822572	0.0015510488451087865	0.0014254928224014933	0.0021173802762562547	0.0008869906377945622	0.0010044199302015433
AF326777.3.gene20.p01	0.0	4.467729635284472e-05	0.0	0.0	0.0	3.9407222732346216e-05
AF332513.1.gene1.p01	5.826276740104471e-05	0.00012528388697545965	0.0	0.00010446846849995489	0.0	0.0
AF353562.gene.p01	0.0	9.419039545997837e-05	0.0	0.0	0.0	0.0
AF371964.1.gene1.p1	0.0	0.0	0.0	0.0	0.0001223227350266427	0.0
AF516720.1.gene1.p1	0.0	6.264194348772982e-05	0.0	0.0	0.0	0.0
AGC41079.1	0.0006390808684004476	0.00014051447715679005	0.0011231398291431654	0.00011716855682740038	0.0004402179369958824	0.0003048913642082372
AJ295238.gene.p01	0.0	0.0	0.0	0.0	5.091994916602028e-05	0.0
AJ308558.1.gene1.p01	0.0	0.0	0.00010861181091254461	0.0	0.0	0.0
AJ310778.1.gene12.p01	0.0	0.0007166238334996292	0.00010423818094291195	0.0	0.0001048199114644412	0.0003118036991145788
AJ400619.1.gene1.p01	6.264342660413077e-05	0.0	0.0	0.00021566062188983168	5.993814016305492e-05	0.0
AJ487033.2.gene3.p01	0.0	0.0	0.0	0.0	0.0	8.103741700344015e-05
AJ567827.1.gene1.p01	0.0	0.0	0.0	0.0	6.185902569788394e-05	0.0
AJ746225.1.gene1.p01	0.0	0.0	0.0	0.0	0.0	5.414772863411684e-05
AJ809407.1.gene1.p01	0.0	0.0	0.0	0.0	0.0	0.00012202545417506434
AM183304.1.gene1.p01	0.0	6.013626574822064e-05	0.0	0.0	0.0	0.0
ASK40562.1	0.0	4.9783739804361815e-05	2.1579399652605756e-05	4.1512369859506755e-05	0.0	0.0
AUI09862.1	0.00016488972192970228	0.00012359888417502317	0.0	0.0	5.66861455001515e-05	5.3959060590095525e-05
AY027590.1.gene1.p1	0.0	0.0	0.0	0.0	0.0	5.525278432052738e-05
AY130282.1.gene1.p1	0.0024089406386786595	0.001680116113578855	0.00145408979323049	0.002329071037092695	0.0008236943288774376	0.0017208327405175401
AY130284.1.gene1.p1	6.384349224788807e-05	6.864212964555837e-05	5.950762053829073e-05	0.00011218552624968335	0.0	6.0545196611765636e-05
AY130285.1.gene1.p1	0.00031921746123944036	0.00034321064822779185	0.0008926143080743611	0.001373700321424694	0.0006170971080826837	0.0006635753548649514
AY136758.1.gene3.p01	0.0	0.00018010387349858404	0.0	0.0	0.00025307214735512075	0.0
AY139603.1.gene1.p01	0.0	0.0	0.0	0.0	0.0001818655355517788	0.0
AY162283.2.gene7.p01	0.0009032702876986447	0.00019384087299580138	0.0	0.0004865376302357462	0.0004373940158034641	0.00017270269197454461
AY171578.gene.p01	0.0006257545182207098	0.0012293148207639917	0.0007154398638184948	0.0022185990882669145	0.0008255613439175786	0.0009834407813475996
AY232670.1.gene3.p01	7.934834036523231e-05	0.0	0.0001834194886763087	0.0	0.0	0.00017608273037461784
AY327539.1.gene1.p01	0.0	0.0001885852193420077	0.00010899290498592197	0.00020967004905955857	0.0	5.54466537391959e-05
AY339985.2.gene4.p01	0.0	0.0	0.0	0.0	0.00010073637002194106	0.0
AY528425.1.gene1.p1	0.0	0.00012528388697545965	0.0	0.0	0.0	0.0
AY628176.1.gene1.p01	0.0	0.0	4.127248814676695e-05	0.0	0.0	0.0
AY826417.1.gene1.p01	0.00028665281561314	0.0004835958037252743	9.88367479304156e-05	9.611099101995849e-05	9.329033204199757e-05	9.061456628566491e-05
AY853593.1.gene1.p1	0.0	0.0	0.0	0.00010446846849995489	0.0	5.525278432052738e-05
B6IBA3	0.0	0.0	0.0	6.407094606382354e-05	0.0	0.0
B7LM76	0.0	0.0	0.0	0.0	0.0	2.346401574145063e-05
B7NJS0	0.0	0.0	0.0	0.0	5.0058226949364555e-05	0.0
BAB59035	0.0	0.00011400833714766829	9.681967144203978e-05	0.0	0.0	0.0
BAC67134	4.0722913833328705e-05	0.0	0.0	0.0	0.0	0.0
BAC67136	4.1553993707478275e-05	0.0	0.0	0.0	0.0	0.0
BAC67142	4.0722913833328705e-05	0.0	0.0	0.0	0.0	0.0
BAC67143	4.1553993707478275e-05	0.0	0.0	0.0	4.0570882190881496e-05	0.0
BAC67144	0.00025247199207119374	0.00017282216186670355	0.0	7.544944947218964e-05	0.00016022424913717063	3.9904788675936444e-05
BAC77251	3.0017982996399967e-05	2.7842188266319247e-05	3.4284542710129216e-05	6.557425796943568e-05	4.963750287256209e-05	8.941102641026566e-05
BAG76424	0.0	0.0	0.0	7.141566427113989e-05	0.0	0.0
BX664015.1.gene104.p01	0.0007350047637667135	0.0004335737805420131	0.00026949615547888924	0.0003847301790620256	0.00020354726528953938	0.0003578967567384809
CAA37477	0.0	0.0	0.0	0.0	0.0	2.3357843724520988e-05
CAA67774	0.000531090398663733	0.00032395323980120226	0.0006326067649662347	0.0008131176834076853	0.0003669793761059579	0.0006479663055466852
CAC14594	0.0	0.0	0.0	0.0	2.7527789777569335e-05	0.0
CAC41338	0.0	0.00018005623957277115	0.0	0.0	0.0	0.0
CAG34257	1.0467877209721032e-05	2.8136672949905317e-05	0.0	0.0	5.110110667747631e-06	0.0
CAI46978	0.0	0.0	0.0	0.0002039452695630519	0.00038090381223074494	0.0007313281161791689
CAL26907	0.0008622889575354617	0.0005575132970407954	0.0006473263930387659	0.00041369513525982136	0.00034130609283657647	0.0006564030777278652
CAR51973	0.0	0.0	0.0	0.0	0.0	5.0357859514566055e-06
CAS07946	1.399089124827774e-05	0.0	1.3040712813177062e-05	0.0	0.0	0.0
CAY49157	0.0	0.0	0.0	0.0	0.0	4.973967993601143e-06
CAY51926	0.0	5.687490742060549e-06	4.930631416029803e-06	9.485073647932411e-06	0.0	0.0
CP000034.1.gene2880.p01	4.187150883888413e-05	3.06249501495568e-05	1.3274776889311007e-05	0.0	0.0	1.3506236167240025e-05
CP000647.1.gene3710.p01	5.254146862022139e-06	0.0	0.0	1.9034235631323827e-05	1.036437227860878e-05	0.0
CP000675.2.gene2298.p01	4.730729950292177e-05	3.383300101123091e-05	1.9291329760816227e-05	9.277700364755182e-06	4.608497414492354e-05	9.813846888059198e-06
CP000675.2.gene810.p01	0.0	0.0	0.0	2.1450858865324068e-05	0.0	0.0
CP001918.1.gene3442.p01	1.2154012747409764e-05	5.174745406014828e-05	4.531433686504415e-05	0.0	8.187860972571115e-05	3.4117284532739355e-05
D16171.1.gene1.p01	0.00020847961208289803	0.0004041234860146311	0.0005645235256873575	0.000267401117362259	0.00014560315327280922	0.00014142694419504487
DQ105529.2.gene1.p01	0.0	6.138910461797523e-05	0.0	0.0	0.0	0.0
DQ286729.1.gene1.p1	0.0	6.138910461797523e-05	0.0	0.0	0.0	0.0
DQ369751.1.gene1.p01	0.0	0.0	0.0	0.0	5.574666182997416e-05	0.0
DQ464881.1.gene4.p01	0.0	0.0	0.0	0.0	0.0	0.00019001534220070446
DQ522237.1.gene5.p01	0.0	0.0	0.0	0.0	5.9159722758339926e-05	5.7462895693348477e-05
DQ909059.1.gene1.p1	0.00023188581425615795	0.00012528388697545965	0.00027152952728136154	0.00020893693699990977	5.688434880609608e-05	0.00022101113728210952
EEB58431	0.0	0.0	1.4513589558567501e-05	0.0	0.0	0.0
EEQ96502	4.503554453161834e-05	5.8104635148618593e-05	0.0001038930680465469	0.00038760625285604885	0.0	0.0002071382084621717
EF136376.1.gene1.p01	0.0	0.0	0.0	0.0	5.688434880609608e-05	5.414772863411684e-05
EF468463.1.gene1.p01	0.0010953400271396406	0.00118017421530883	0.0018865871555509	0.002191748469129053	0.0010079906608440226	0.000659718244787097
EU274580.1.gene1.p1	0.0	0.0	0.0	0.0	0.0	0.00011050556864105476
EU675686.2.gene7.p01	0.0013661029970979501	0.0008765316310573977	0.0	0.0007308993941596843	0.0005351265831322566	0.0006425396518438056
FJ360884.1.gene1.p01	5.593225670500292e-05	0.0	0.0	0.0	0.0	0.0
FJ381668.1.gene1.p01	0.0	0.0	0.00010866136763235263	0.0	5.443594261413787e-05	0.0
FJ460181.2.gene2.p01	0.0	0.0	0.0	0.0	6.817453765484887e-05	0.0
FN652295.1.gene1.p01	5.7097512053023815e-05	6.138910461797523e-05	0.0	0.0	0.0	0.0
FR848831.1.gene1.p01	0.0	0.0	5.4305905456272307e-05	0.0	0.0	5.525278432052738e-05
HM246246.1.gene1.p1	0.0005811639497487226	0.0016897235653043888	0.0015215409536034708	0.0016668768900234905	0.0006804406007082044	0.0006054774588320192
HQ317449.1.gene1.p1	0.0	0.0	0.0	0.0	0.0	5.414772863411684e-05
HQ877606.1.gene1.p01	0.00011652553480208941	0.0	0.00016291771636881694	0.0	0.0	0.0
JF795538.1.gene1.p01	0.0	5.763058800871144e-05	0.0	0.0	5.119591392548647e-05	9.392973334489654e-05
JF949915.1.gene1.p01	0.001188328332402025	0.0023397339902507816	0.0009813920912885774	0.002240253470399909	0.0007726118374575229	0.0009405828962395308
JF949916.1.gene1.p01	0.0010553329268575898	0.0013394040697552595	0.0014150912164005536	0.0010646995169804132	0.0010277828025238578	0.002063077574545914
JN935135.1.gene1.p1	0.0010429035364787002	0.002062172779616066	0.001029639967450923	0.0022962169376290085	0.001638269245615567	0.0014332572252744803
JN935136.1.gene1.p1	0.0	0.0	5.3219787347146864e-05	0.0	0.0	0.0
JX310327.1.gene1.p01	0.0	0.0	0.0	0.0	5.2333600901608395e-05	0.0
KC149518.1.gene1.p01	0.0	0.0	0.0	0.0	5.574666182997416e-05	0.0
KC865667.1.gene1.p01	0.0	0.0	5.3219787347146864e-05	0.0	0.0	0.0
KC900516.1.gene1.p1	0.0	0.0	5.4305905456272307e-05	0.00010446846849995489	0.0	0.0
KJ363320.1.gene3.p01	0.0	6.917218470073642e-05	0.0	0.0	0.0	0.0
NC_002695.1.912329.p01	0.0	3.920261671223355e-05	0.0	0.0	0.0	0.0
NC_002695.1.915390.p01	0.0	4.581993820330111e-05	0.0	7.641427619178287e-05	0.00012482550198370958	0.0
NC_008702.1.4607681.p01	2.3212350315799302e-05	0.0	0.0	0.0	0.0	1.1006574548228437e-05
NC_008702.1.4608931.p01	0.0	0.0	1.0726468767642001e-05	0.0	0.0	0.0
NC_009085.4918693.p01	0.0	1.5882620423307386e-05	0.0	0.0	0.0	0.0
NC_010400.5984909.p01	0.0	0.0	4.88872803289074e-06	0.0	1.0241689492315694e-05	0.0
NC_010410.6003262.p01	1.0955392160880202e-05	0.0	1.0211366837931545e-05	0.0	0.0	0.0
NC_010558.1.6276004.p01	0.0001521748993305825	8.180637368717229e-05	0.00021134172192818155	0.0002728582830227132	7.428732309837205e-05	0.0001443132083622907
NC_010558.1.6276115.p01	5.4101141158112945e-05	0.0	0.0	0.0	5.2821181034232074e-05	0.0
NC_011595.7058890.p01	0.0	0.0	0.0	0.0	2.294335401845875e-05	0.0
NP_290714	0.0	0.0	0.0	1.4581738404581308e-05	0.0	0.0
NP_348076	0.0	0.0	0.0	0.0	0.0	2.6175582854178674e-05
NP_462120	0.0	0.0	0.0	8.505410931740852e-05	0.0	0.0
NP_511233	0.004661420737906172	0.004165948781444136	0.003139664673753034	0.004989852235323421	0.0028185598347921616	0.0023537742645132207
NP_745564	0.0	0.0	0.0	0.0	0.0	4.973967993601143e-06
NP_755652	0.0	0.0	0.0	8.080590126027612e-05	0.0	0.0
NP_756937	0.0	0.0	7.42843298256906e-06	0.0	0.0	7.2494673190486006e-06
NP_840140	0.00029786146229410286	0.00018899969235155057	0.00011150812587021248	0.0003151962935312925	0.0002920063238712932	0.00016323251139264372
P14171	0.0	0.0	0.0	0.0	0.0	0.00015748363563740213
P39386	0.0	0.0	0.0	0.0	0.0	3.777134241306686e-05
P42670	0.0	0.0	0.0	0.0	5.886568835099231e-05	0.0
P51563	4.155187900041937e-05	0.0	0.0	0.0	0.0	0.0
P58777	0.0017165328644489707	0.0010585744755120094	0.0009049397220817439	0.0012114907766208468	0.0010266508052195016	0.0012194466106613562
Q00983	0.0	0.0	0.0	0.0	0.0	0.00017990306574763715
Q0K7S4	0.0	0.0	5.300849474571291e-05	0.0	0.00010660864715496068	0.0
Q0SYP9	4.1764420580984165e-05	0.0	0.0	0.0	0.0	0.0
Q0T4A9	0.0	0.0	3.330603759580745e-05	0.0	0.0	0.0
Q2NWE3	4.8829747917066044e-05	0.0	0.0	0.0	0.0	0.0
Q4KC13	0.0	0.0	0.0	0.0	0.0	0.00011450939359181762
Q5P6K4	0.00018001068748550514	0.00012815535708570012	0.0	0.0	0.0	0.0
Q5PGK9	0.0	0.0	0.0	0.0	0.0	1.6257506497603733e-05
Q880L3	5.5543838255662617e-05	6.361334753891638e-05	0.0	0.0	0.00011553293683603341	0.00022443841143996254
Q8CVH8	0.0	1.2237428850745034e-05	0.0	0.0	0.0	0.0
Q8Y1I9	5.5733407669504474e-05	0.0	0.0	0.0	0.0	0.0
Q9I2E5	0.0	0.0	5.6070357258100656e-05	0.00021141099170517944	0.0	5.248416104843742e-05
U12338.3.gene8.p01	0.0	0.0	0.0	0.0	0.0	3.7714311015920834e-05
U14748.1.gene2.p01	0.0	0.0	0.0	0.0003931313419866724	0.0004741535016470238	0.00014242859179255948
U95363.2.gene1.p01	0.0	0.0	0.0	0.00010446846849995489	0.0	0.0
X57972.1.gene1.p1	0.0	0.0	0.0	0.0	0.00011376869761219216	0.00016465329727517159
X58272.1.gene1.p01	0.0	0.0	0.0	0.00010966450318789272	6.093229872113663e-05	0.00011718556818362639
X65254.1.gene1.p01	0.00011419502410604763	0.0	0.0	0.0001023790991299558	0.0	5.414772863411684e-05
X97254.1.gene1.p01	0.00022217535302265052	0.00017727010618148723	0.00036076651550340173	0.0005807860358949773	0.00022034402002799237	0.0004213945684178889
Y08743.gene.p01	4.064183286999704e-05	0.0	0.0	0.0	0.0	0.0
YP_001007250	1.4502565228387931e-05	1.5592614494441312e-05	1.3793507069710375e-05	0.0	0.0	0.0
YP_001025938	0.0	1.1257050479101936e-05	0.0	0.0	8.791250036033547e-06	0.0
YP_001116031	0.0	0.0	0.0	0.0	9.970947644385622e-06	0.0
YP_001119417	0.0	0.0	0.0	0.0	5.189449364766659e-06	1.008120977076289e-05
YP_001155044	0.00048284643552942355	0.00021758875472596004	0.0	0.0001696043862194647	0.0006851203536601148	0.0
YP_001174764	0.00012433925213577269	0.0	0.0	0.0	0.0	0.0
YP_001176513	0.0	0.0	2.582917201307516e-05	0.0	0.0	0.0
YP_001178170	6.103718489633254e-05	6.43123953140693e-05	0.0	0.0	5.840126477425864e-05	0.0
YP_001186705	2.6106150133929923e-05	2.7716031580778842e-05	1.5170054769672816e-05	0.0	2.591509979237014e-05	5.604091974289032e-05
YP_001187667	0.0002982462619380145	0.00012722669507783275	0.0003286373026423343	0.00010825355793835906	0.00011671184435476845	0.00016947390251589005
YP_001187672	1.0280068270169853e-05	2.2331054301688167e-05	0.0	0.0	3.011056710740814e-05	1.4722945261059384e-05
YP_001266290	5.258588237222496e-06	0.0	0.0	0.0	5.241139146407826e-06	1.5480224530144336e-05
YP_001345921	0.0	0.0	0.0	9.330918531283415e-06	5.080798369462272e-06	0.0
YP_001348697	0.0	0.0	0.00010765508593555325	0.0	5.873257674564433e-05	0.00016772112335044131
YP_001350280	4.310376446166352e-05	1.6777538996471345e-05	9.154119230153564e-06	2.8958358445750423e-05	9.375673154890806e-06	2.452615734652251e-05
YP_001373621	0.0004778866083883426	0.00034253717827655234	0.0002989079007491275	0.00010898886512435545	0.00019645492840505332	0.00011727490347478983
YP_001401993	0.0	2.217276712560734e-05	0.0	0.0	0.0	0.0
YP_001401994	0.0	1.591083111677685e-05	0.0	0.0	1.4448422520908951e-05	1.3753330718789889e-05
YP_001416709	0.0	0.0	5.0922914624570096e-05	0.0	0.00010454783792375481	0.0
YP_001451632	0.00012433925213577269	0.0	0.0	0.0	0.0	0.0
YP_001451669	0.0	0.0	0.0	0.0	4.1715189124470455e-05	0.0
YP_001455919	1.1358658129992354e-05	0.0	0.0	2.0366722556910085e-05	0.0	1.0771844795958302e-05
YP_001455939	0.0	0.0	0.0	0.0	5.98122197005275e-05	0.0
YP_001460869	7.969686894663158e-06	1.7487160407506814e-05	0.0	0.0	0.0	0.0
YP_001462039	4.064183286999704e-05	4.369657521339203e-05	0.0	7.141566427113989e-05	3.8886695813103926e-05	3.854218613578251e-05
YP_001465585	8.132333565982815e-06	0.0	0.0	0.0	0.0	0.0
YP_001477377	2.9301101175722554e-05	6.300689122243633e-05	1.3793507069710375e-05	2.653461988542371e-05	5.461503712903583e-05	1.2630609843786633e-05
YP_001477378	4.0221400116169485e-05	5.780647918008093e-05	0.0	3.385190077796568e-05	2.0035620392294924e-05	7.667616685190035e-05
YP_001563294	0.001291848689029884	0.0007570153586605175	0.0004992667724027851	0.0005367172037653682	0.0007347637566585819	0.001171093814230442
YP_001570595	0.0	0.0	0.0	0.0	0.00010679818659875369	0.0
YP_001579800	0.0	0.0	0.0	0.0	0.0	1.008120977076289e-05
YP_001605795	1.4528370504595027e-05	0.0	0.0	0.0	1.3605683570312162e-05	1.405898248725163e-05
YP_001605796	0.0	0.0	0.0	7.395540096778985e-05	3.9464220998447055e-05	1.9557297420384693e-05
YP_001616633	0.0	0.00017507096909600065	0.0	0.0	5.0873507518572435e-05	0.0
YP_001639853	0.0	0.0	0.0	0.0	0.00010922598989834844	0.0
YP_001668663	0.0	0.0	0.0	9.548731860334643e-06	0.0	4.949265065310775e-06
YP_001670703	1.0736284317662596e-05	5.889413490299386e-06	0.0	0.0	1.0696202339607809e-05	5.194706218169241e-06
YP_001726662	0.0	0.0	0.0	0.0	0.0	3.7956496052346606e-05
YP_001749316	5.140034135084927e-06	1.1052744048310304e-05	0.0	0.0	0.0	0.0
YP_001764894	5.3101183800824675e-06	0.0	0.0	0.0	0.0	9.87014046485495e-06
YP_001797193	0.0017540783654119221	0.0010851368012601147	0.0002708337932612812	0.0006996338843441108	0.0005986500770937351	0.0003295425495011782
YP_001811890	1.5631474180768093e-05	1.1204250054715905e-05	0.0	0.0	0.0	0.0
YP_001871501	4.042051595832874e-05	0.0	0.0	0.0	0.0	0.0
YP_001879173	0.0	0.0	0.0	2.38634248990769e-05	0.0	0.0
YP_001882481	4.229226263121519e-05	0.0	0.0	0.0	0.0	0.0
YP_001896735	0.0	5.284456326166331e-05	0.0	0.00010532526025599767	0.0	0.0
YP_001898234	0.0	6.114537828495131e-05	0.0	9.177537130337335e-05	0.0	0.0
YP_001967742	0.0	0.0	0.0	0.0	7.669635486170497e-05	0.0
YP_002006347	0.0	5.013921019366007e-05	4.8767815166055875e-05	0.0	5.552533705987536e-05	0.00010355088370678496
YP_002029849	0.0	0.0	0.0	0.0	5.110110667747631e-06	0.0
YP_002029850	0.0	0.0	0.0	5.068359964544037e-05	0.0	0.0
YP_002081505	0.0	2.2471741407953252e-05	9.545850850601444e-06	0.0	1.530472601932594e-05	4.955251274904618e-06
YP_002090520	0.0	0.0	0.0	9.521345440085115e-06	0.0	0.0
YP_002095804	0.0	1.1204250054715905e-05	0.0	0.0	0.0	0.0
YP_002260505	0.0	6.114537828495131e-05	0.0	0.0	0.00010216662019017066	0.0
YP_002269113	1.3580400551506751e-05	0.0	0.0	0.0	0.0	0.0
YP_002271667	2.5247199207119375e-05	2.7144842178016262e-05	0.0	0.0	0.0	0.0
YP_002295057	0.0	1.4270431316442832e-05	0.0	0.0	0.0	1.3681641831749635e-05
YP_002295271	4.2616755694881807e-05	0.0	0.0	0.0	0.0	0.0
YP_002329903	0.0	0.0	0.0	0.0	0.0	2.3942873205561866e-05
YP_002331449	0.0	0.0	3.9420022742370255e-05	0.0	0.0	0.0
YP_002331863	2.526192060607396e-05	0.0	0.0	0.0	0.0	0.0
YP_002384075	0.0	0.0	1.0291317904857338e-05	0.0	0.0	0.0
YP_002384138	1.0283912193912462e-05	0.0	4.593047201431813e-06	9.411900466463308e-06	1.5165502700024456e-05	0.0
YP_002388977	5.35620426766274e-06	0.0	0.0	0.0	0.0	0.0
YP_002389553	1.626466713196563e-05	0.0	7.42843298256906e-06	1.4581738404581308e-05	0.0	7.557955290071945e-06
YP_002394084	0.0	0.0	7.276832309455405e-06	0.0	0.0	0.0
YP_002394587	0.00019660121166752525	0.0	3.650086134600481e-05	7.164983690884197e-05	0.0	0.0
YP_002400010	0.0	0.0	4.892593758046931e-06	9.603980067819702e-06	0.0	0.0
YP_002400178	8.458452526243038e-05	0.0	0.0	7.583244160149009e-05	4.1291684666354e-05	0.00012032205316500632
YP_002400590	0.0	1.7487160407506814e-05	0.0	0.0	0.0	0.0
YP_002401592	1.3711073423312184e-05	3.0084963622990313e-05	1.3040712813177062e-05	2.508646682702527e-05	1.3386687895359034e-05	5.307236378059053e-05
YP_002401983	0.0	0.0	0.0	0.0	0.0	3.777134241306686e-05
YP_002409908	0.0	0.0	0.0	9.411900466463308e-06	0.0	0.0
YP_002410376	0.0	0.0	0.0	0.0	0.0	7.712199275583617e-06
YP_002418004	0.0	0.0	0.00010085382441879143	0.0	0.0	0.0
YP_002421432	0.0	0.0	0.0	0.0	5.748736310439392e-05	5.583850288222909e-05
YP_002552549	0.0006701749243548198	0.0005322370442232648	0.000226737065116699	0.00020936396139669794	0.0005213180678832546	0.0007878079112119108
YP_002706077	0.0	5.627334589981063e-06	4.9780413334916284e-06	0.0	0.0	0.0
YP_002800019	0.0	0.0001267673929295373	0.0	0.0	0.0	5.476608109402165e-05
YP_002800512	1.5764570933489864e-05	5.649825240457499e-06	0.0	0.0	2.0522136560761246e-05	4.983379475140596e-06
YP_002806354	7.934834036523231e-05	4.265618056545412e-05	3.697973562022352e-05	0.0	0.0	3.6872024736565276e-05
YP_002807373	0.0	0.0	0.0	3.857763155621522e-05	0.0	2.0819889743966836e-05
YP_002807856	5.35620426766274e-06	1.7161194341280096e-05	0.0	0.0	0.0	2.031796376171113e-05
YP_002808057	0.0	0.0	0.0	0.0	4.108314080440273e-05	0.0
YP_002848373	0.0	0.0	9.503970700463244e-06	0.0	0.0	0.0
YP_002890644	5.108411401615687e-05	0.0001307707725364287	0.0	0.0	5.8188121472162806e-05	0.00016955748601486223
YP_002894485	8.754372119101451e-05	5.347939055967382e-05	0.0	0.0	9.615662400571966e-05	0.00013585257728099102
YP_002937728	0.0	0.0	0.0	0.0	0.0	9.842260681040656e-05
YP_260346	1.0489865581805973e-05	0.0	0.0	0.0	0.0	0.0
YP_294981	0.0	0.0	4.558730548131309e-05	0.0	0.00015880246399124353	0.0
YP_298289	0.0	1.7062472226181647e-05	0.0	0.0	5.061442947102415e-06	0.0
YP_309461	0.0	0.0	0.0	0.0	1.3659885607509218e-05	0.0
YP_311196	2.5247199207119375e-05	0.0	0.0	0.0	0.0	0.0
YP_312012	6.103718489633254e-05	6.562489317762173e-05	0.0	0.0	0.0	0.0
YP_312344	4.1764420580984165e-05	0.0	0.0	7.641427619178287e-05	0.0	0.0
YP_312992	2.423435402662879e-05	0.0	0.0	0.0	0.0	0.0
YP_316450	0.0	0.0	0.0	9.526313098575596e-05	0.00010256495412994803	0.0
YP_348488	1.0437768262809083e-05	0.0	0.0	0.0	5.19940037025998e-06	0.0
YP_350221	1.6514520789592452e-05	0.0	9.646250163768912e-06	9.870492894280507e-06	1.6123809473283923e-05	5.011630149667657e-06
YP_369007	1.0630399666155526e-05	0.0	0.0	0.0	0.0	0.0
YP_371056	0.0	0.0	0.0	0.0	1.0174436371822062e-05	0.0
YP_403947	7.861589414647631e-06	0.0	0.0	0.0	1.6686075649788184e-05	2.4149150267025167e-05
YP_405004	0.0	5.747704792265233e-06	4.883175868233559e-06	0.0	5.115028964829198e-06	0.0
YP_405598	0.0	0.0	0.00011837298491629607	0.0	0.0	0.0
YP_405948	0.0	0.0	0.0	0.0	0.0	3.854218613578251e-05
YP_406903	4.141303809490211e-05	0.0	1.2779898556913521e-05	2.4584737490484765e-05	0.0	0.0
YP_407239	4.062161305264878e-05	4.367483562373362e-05	0.0	0.0	0.0	7.704602183759908e-05
YP_410000	0.0	0.0	0.0	0.0	3.9439815172226615e-05	0.0
YP_410369	0.0	1.7137417199356678e-05	7.5800336556827145e-06	0.0	0.0	0.0
YP_523088	0.0002875446355906867	0.0003764215443111771	5.6070357258100656e-05	0.0003300600176621679	0.00045693944708111286	0.000676589293515726
YP_550152	0.0018203139483209578	0.0012819029223793009	0.0008163844016779455	0.0011627604543784872	0.0018594733797670997	0.0016304318725699366
YP_560128	0.0	0.0	0.00016760599597655267	0.0	0.0	0.0
YP_581244	0.0	0.0	0.0	0.0	0.0	5.643677255596726e-05
YP_584847	0.0008075657029662893	0.0008095648084927552	0.0006742680531654681	8.361756052085126e-05	0.0004075559740194851	0.0005177544185339248
YP_586061	0.0	0.0	0.0	0.0	0.0	4.925652159464827e-06
YP_606823	0.0	1.7720668484164917e-05	0.0	0.0	4.183897306845998e-06	0.0
YP_607927	5.140034135084927e-06	0.0	0.0	0.0	5.01842785123469e-06	0.0
YP_608682	0.0	0.0	0.0	0.0	0.0	5.055117183515941e-06
YP_668774	0.0	4.369657521339203e-05	0.0	7.28731268072856e-05	3.8886695813103926e-05	0.0
YP_670193	0.0	2.7144842178016262e-05	0.0	0.0	0.0	4.692803148290126e-05
YP_672241	3.332630295339758e-05	0.0	0.0	0.0	0.0	2.8594631428356742e-05
YP_691296	0.0	0.0	0.0	9.603980067819702e-06	0.0	0.0
YP_691421	0.0	0.0	0.0	0.0	7.974962626737e-06	7.746223684152369e-06
YP_746446	0.0005822947439110126	0.00018112470517023596	0.0	0.0	0.0005625591219071444	0.00015860180184959003
YP_791281	0.00011790533174848238	0.0	0.0	0.0	0.0	0.0
YP_792720	5.456172716666269e-06	0.0	0.0	9.783229204645414e-06	0.0	3.6220063591910878e-06
YP_808159	0.0	0.0	0.0	0.0	8.407712536714975e-05	0.0
YP_905232	0.00017675829190752303	0.0	0.0	0.0	0.0	0.0
YP_966872	0.0	0.0	0.0	0.0	6.016432182404758e-05	0.0
YP_970399	0.000598413907046409	0.0005780068146110149	0.00021993495316319803	0.0005386760256769207	0.0010022607045409267	0.0005144397194736635
YP_981592	0.0009420395383577726	0.0005549307302731787	0.00016596825748397794	0.000319273742575169	0.0011382373373305871	0.0007781347355442243
YP_985461	0.0	0.0001830790815510002	0.0001133685325583495	0.0001090437298941135	0.00034437867810055536	0.0002860561668822165
YP_992987	5.335623271437331e-06	1.1358591020887496e-05	1.4919778060032544e-05	2.812720686951715e-05	2.062918286385917e-05	2.297227834554773e-05
YP_997055	0.0005108411401615687	0.00012815535708570012	0.0	0.00021590658519034473	0.0005011303522704634	0.0
ZP_00051658	0.0	0.0	0.0	0.0	0.0	0.00011101254759395996
ZP_01438526	0.00010890948677580907	0.0	0.0	0.0	0.0	0.0
ZP_01769103	1.597617591246288e-05	5.725661820866325e-06	0.0	1.8715514446255902e-05	1.6742069192237138e-05	8.585459807171752e-06
ZP_02007607	0.0	0.00018343613485485394	0.0	9.177537130337335e-05	5.552533705987536e-05	0.0
ZP_02357857	0.0	0.0	0.0	0.0	0.0	4.964591993613204e-06
ZP_02371789	0.0	0.0	0.0	0.0	5.111191881414853e-06	0.0
ZP_02405550	0.0	0.0	0.0	0.0	1.0222383762829706e-05	0.0
ZP_02465589	5.23504601844134e-06	0.0	4.7819224572051534e-06	0.0	1.5129127968987966e-05	0.0
ZP_02632674	0.0	0.0	0.0	0.0	4.929976896528327e-05	0.0
ZP_02779032	6.171537583962513e-05	0.0	0.00011389758571028847	0.0	0.00012051054635958131	0.0
ZP_02884769	0.00021662096919708418	5.5026472929435825e-05	0.0	0.0	0.0	9.029883608954761e-05
ZP_02900713	0.0	6.635405865737308e-05	0.0	0.0	0.0	0.0
ZP_02900740	0.0	0.0	0.0	0.0	0.0	1.0684446460899818e-05
ZP_02901234	8.523351138976361e-05	0.0	3.97224781598309e-05	0.00022618625752767724	0.0	8.08301601824595e-05
ZP_02901431	0.0	0.0	0.0	7.544944947218964e-05	0.0	0.0
ZP_02901439	1.071240853532548e-05	0.0	1.497732783075591e-05	0.0	0.0	0.0
ZP_02903427	0.0	0.0	3.712404678361952e-05	7.141566427113989e-05	0.0	0.0
ZP_02904358	0.0	0.0	0.0	0.0	8.445616158806724e-06	0.0
ZP_02909221	0.0	0.0	0.0	0.0	4.981871390175993e-06	0.0
ZP_02952732	0.0	0.0	0.0	0.0	2.4952337052980796e-05	0.0
ZP_03002663	8.132333565982815e-06	8.743580203753407e-06	0.0	0.0	0.0	0.0
ZP_03003660	0.0	0.0	3.806737490317128e-05	0.0	0.0	0.0
ZP_03029420	0.0	0.0	7.989449053751995e-06	0.0	0.0	0.0
ZP_03030551	0.0	2.447485770149007e-05	0.0	0.0	0.0	0.0
ZP_03042915	0.0	0.0	0.0	9.603980067819702e-06	0.0	0.0
ZP_03048355	1.0590508714061432e-05	0.0	0.0	0.0	1.0999948450671724e-05	0.0
ZP_03049119	0.0	0.0	0.0	0.0	0.0	2.346401574145063e-05
ZP_03060956	0.0	8.913231759945638e-05	3.8635544677845475e-05	0.0	0.0	0.0
ZP_03063399	0.0	0.0	0.0	0.0	0.0	4.041508009122975e-05
ZP_03063464	5.891013148327854e-05	4.52414036300271e-05	3.8436513084050516e-05	6.18685485671955e-05	0.0	0.00015961915470374578
ZP_03063547	0.0	0.0	0.0	1.9207960135639404e-05	5.124894015870334e-06	0.0
ZP_03064513	0.0	1.728470413650818e-05	0.0	0.0	0.0	0.0
ZP_03064983	6.464270662517213e-05	1.4601137601866934e-05	1.265810021230145e-05	4.723984112674406e-05	0.0	1.287880710323621e-05
ZP_03067876	0.0	0.0	4.99244261025197e-06	0.0	0.0	0.0
ZP_03069403	8.132333565982815e-06	0.0	7.5800336556827145e-06	0.0	0.0	0.0
ZP_03265942	5.7541818049031784e-05	0.0	0.0	0.00010317576514873243	0.0	5.684279250241306e-05
ZP_03453095	1.0437768262809083e-05	0.0	0.0	9.548731860334643e-06	5.19940037025998e-06	5.050270474806912e-06
ZP_03541894	0.00030042324195216064	0.00010984744893060011	0.00010543273527926502	0.00010686285529623123	0.00033131603858639635	4.383118686098479e-05
ZP_03552050	0.000536383197169647	0.0005047751819906148	0.000336704541698298	0.0009530421992745519	0.0006507569503417392	0.0010023500363735731
ZP_03916453	0.0	0.0	4.284548678756933e-05	8.242201928548165e-05	4.487978967874063e-05	0.0
ZP_04001477	3.010506138518299e-05	3.2044155156487485e-05	0.0	0.0	0.0	0.0
ZP_04003442	0.0	0.0	0.0	0.0	0.00013905063041490153	0.0
ZP_04005119	2.5247199207119375e-05	2.7144842178016262e-05	0.0	0.0	0.0	0.0
ZP_04055725	0.0	0.0	0.0	0.0	0.0	0.00016416519847375352
ZP_04528247	5.853006611887029e-05	0.0	0.0	0.0	0.0	0.00011327810978975507
ZP_04536687	0.0	0.0	0.0	5.9047395239104925e-05	0.0	1.9362497461889158e-05
ZP_04577926	0.0017822327231599572	0.001017813560622662	0.0005548568157625713	0.00010825355793835906	0.0006861241759037902	0.0011221920571998127
ZP_04589788	5.916626248972758e-05	0.0	4.614427879567022e-05	0.0	0.0	0.0
ZP_04612557	0.0	0.0	4.290466563672343e-05	7.923442737941329e-05	1.4980592779505966e-05	0.0
ZP_04612558	4.083297020280148e-05	2.1729311783095193e-05	1.883769700653961e-05	0.0	1.9732110499223527e-05	3.79411569955463e-05
ZP_04615639	0.0	0.0	1.3729493003751496e-05	0.0	0.0	2.851979813877977e-05
ZP_04621517	0.0	1.951203507053446e-05	0.0	0.0	3.785343646789819e-05	0.0
ZP_04623896	4.297339065043372e-05	0.0	0.0	0.0	0.0	0.0
ZP_04630103	0.0	0.0	2.803104821599264e-05	0.0	1.1984474223604774e-05	2.910183483548956e-05
ZP_04631861	0.0	0.0	0.0	0.0	1.4680980923915847e-05	0.0
ZP_04635128	1.5343601728083598e-05	0.0	5.606209643198528e-05	0.0	0.0	0.0
ZP_04638972	4.1245424447274225e-05	0.0	1.883769700653961e-05	0.0	1.9732110499223527e-05	0.0
ZP_04638974	0.0	0.0	0.0	0.0	1.4448422520908951e-05	0.0
ZP_04651279	0.0	0.0	8.110438099474613e-05	7.645018890644218e-05	0.00020729072569632424	4.1259259309845514e-05
capO	0.0	2.6839843951296978e-05	0.0	0.0	0.0	0.0
gb|AAA26793|ARO:3003748|oleC	0.0010510603239148467	0.0016206723619145462	0.0008238857528581985	9.193225227996031e-05	0.0006978116836741419	0.0006690449147804021
gb|AAC44316.1|ARO:3005010|qacEdelta1	0.0012837871485526196	0.0006200354037670706	0.0	0.0004260860040453812	0.00014146890224820416	0.0001319148214177739
gb|AAC74000.1|ARO:3003950|msbA	0.0005600193176704953	0.0007461753317882738	0.0004590062029561766	0.0007618372040313549	0.000943150322359548	0.000734725323543046
gb|AAC75089.1|ARO:3003577|ugd	0.00502643105369285	0.004388397495863709	0.004566577991270984	0.00433692769518658	0.004118385803000362	0.003526192822192733
gb|AAC75271.1|ARO:3003952|yojI	0.0003631165733130705	0.00029346204516255385	0.0005587928752148438	0.0008149533661892642	8.149332924754869e-05	0.00022880107279728152
gb|AAC75314.1|ARO:3003578|pmrF	0.0005619932454563628	5.4525726461928317e-05	0.0001321623594774945	0.0002765105165625514	5.05246079457872e-05	9.61878906171268e-05
gb|AAC76297.1|ARO:3000499|acrE	7.126923661895411e-05	3.071245000712697e-05	3.953469917216624e-05	5.121939769883502e-05	4.1130092965322046e-05	9.522422714897745e-05
gb|AAC76298.1|ARO:3000502|acrF	0.00019660584914480192	0.00023494727229823433	0.00017924800283226333	0.000143899758525257	0.000103844194203469	0.00016627561307011474
gb|AAF42062.1|ARO:3000811|mtrD	5.205608083942139e-06	0.0	0.0	2.7441820385348976e-05	2.032980163516836e-05	1.4612557667724355e-05
gb|AAF63432|ARO:3003744|vatF	0.0	0.0	0.0	0.0	0.0	7.150360323832955e-05
gb|AAF94731.1|ARO:3004364|almG	0.0	6.43123953140693e-05	0.0	0.0	0.0	5.6726191902408114e-05
gb|AAG05913.1|ARO:3004072|OpmB	0.0	0.0	0.0	0.0	0.0	3.173151870616633e-05
gb|AAG05914|ARO:3004075|MuxC	0.00015365698884240258	0.0001879177684370006	7.585843063716123e-05	0.0001082451985902557	6.375659310780552e-05	5.2470945295277667e-05
gb|AAG05915.1|ARO:3004074|MuxB	0.0007349040919732926	0.0005703904305947033	0.00015675436924653138	0.0003154901006654566	0.0005780693331655046	0.00030291522307891863
gb|AAG06942.1|ARO:3002985|arnA	9.967685777602294e-05	8.064724410229967e-05	0.00013983032357181802	0.00017872629710620678	0.00033766618193714106	0.00011744304814667746
gb|AAG07064.1|ARO:3003693|mexK	0.0004590901440994865	0.00034898998070429096	0.0002980025524127281	0.0003171438478653069	0.0004065379192216198	0.00030977639736866266
gb|AAG07065.1|ARO:3003692|mexJ	0.0	0.0	0.0	0.0	0.0	1.2056247870266573e-05
gb|AAG08359.1|ARO:3003682|OpmH	0.0	0.0	0.0	0.0	0.0	8.677056206530181e-05
gb|AAG57600.1|ARO:3000318|mphB	0.0005209871411069114	0.0	0.00027524157651508146	0.0001891011518416905	0.0003089036156685471	0.0005940863298423085
gb|AAL19305.1|ARO:3000790|mdsB	1.5267974496817213e-05	9.283278727799304e-06	4.514682415056673e-06	0.0	2.3645197247804107e-05	1.4978479920067138e-05
gb|AAN05026.1|ARO:3000980|TEM-117	0.001893718156057768	0.0027259808568417267	0.0027749593609415735	0.00291749706500227	0.001115218773722902	0.0018504179136703176
gb|AAO04716.1|ARO:3002865|dfrC	0.0	0.0	0.0	0.0	9.296527862024844e-05	0.0
gb|AAO33760.1|ARO:3000879|TEM-7	0.0005720376905410772	0.00034183780563488064	0.0005938860529721415	0.0011401712667824962	0.0003091718844535466	0.00024218078644706255
gb|AAP43110.2|ARO:3003923|oqxB	9.733396418135165e-06	1.1374981484121098e-05	9.861262832059606e-06	0.0	2.582368850562457e-05	0.0
gb|AAR96051.1|ARO:3002894|otrC	0.0	4.083326686607574e-05	0.0	0.0	0.0	0.0
gb|AAT68578.1|ARO:3004803|GOB-11	0.0	0.00011043860447768259	0.0	0.0	0.0	0.0
gb|AAV85982.1|ARO:3000535|macB	1.4144704152063149e-05	2.188447524662429e-05	0.0	1.237183519295532e-05	0.0	6.543393919532435e-06
gb|AAZ42322.1|ARO:3003836|qacH	0.00015148319524271623	0.0	0.0	0.0	0.0004377819484117154	0.0002873144784667424
gb|ABG65740.1|ARO:3002879|linG	0.00030518592448166274	0.00032812446588810864	0.0005120271085877103	9.412111542948317e-05	0.00047078570583330943	0.0003044691524557823
gb|ABW91178.1|ARO:3002613|aadA13	0.0	0.0	0.0	0.0	0.0	5.8438680714556275e-05
gb|ACC54440.2|ARO:3002799|QnrVC1	0.0	0.0	0.0	0.0	0.0	7.248759777830658e-05
gb|ADP36409.1|ARO:3003730|Bifidobacteria	0.004783393203491726	0.004353149926258588	0.002938776583256593	0.002178636591068183	0.0023055725015720878	0.002479547308068675
gb|ADV91011.1|ARO:3000245|RbpA	0.0	0.0	0.00013624113123240247	0.0	0.00014270985753108315	0.0
gb|ADZ12699.1|ARO:3005091|RanA	0.001127669088306825	0.0010291051562465608	0.0007091509300566586	0.0009102361955393744	0.0015259998254137683	0.0018999505105120511
gb|ADZ12700.1|ARO:3005090|RanB	0.0005255808252334242	0.000682633770250635	0.0007059767709315399	0.0004605696828650185	0.0004977133197277729	0.0006620724938581454
gb|AEH26330.1|ARO:3005009|qacE	0.00023631378457863734	0.0003192233440134712	0.0	0.0	0.0001478993068958498	0.0002528367410507333
gb|AEY83581|ARO:3000510|mupB	1.4517750560531373e-05	0.0	0.0	0.0	3.0553448297748645e-05	2.325216882847983e-05
gb|AIA08936.1|ARO:3000444|rphA	0.0	0.0	0.0	0.0	4.890081129735612e-05	0.0
gb|AKO71461.1|ARO:3004608|EreD	0.0	0.0	0.0	0.0	0.0	0.00011541873289387028
gb|ALU64000|ARO:3003713|VCC-1	0.0	0.0	0.0	0.0	0.0	0.00011128377687092134
gb|AML99881.1|ARO:3001327|mdtK	0.00017225620724857396	7.256950212654473e-05	9.63345517802785e-05	0.00023700677697491876	6.727234296781692e-05	0.00026603865949167353
gb|ANW35663.1|ARO:3003620|OXA-464	0.0	0.0	0.0	0.0	0.0	6.245966923190052e-05
gb|APB03214.1|ARO:3003980|tetA(48)	0.0001476850743124324	0.0003123477058547947	3.8036299495087055e-05	7.31705681411929e-05	4.7431264602167576e-05	0.0
gb|APB03216.1|ARO:3003982|LlmA	0.00011611952248570584	0.0	0.0	0.0	0.0	0.0
gb|APB03218.1|ARO:3003984|BahA	0.0	0.0	1.734900362608359e-05	0.0	0.0	3.866519311281161e-05
gb|APB03219.1|ARO:3003986|TaeA	0.0	5.529504888114423e-05	9.443528781534861e-05	0.0	2.359998199541801e-05	0.00019313917719153236
gb|APB03222.1|ARO:3003992|rphB	0.0	0.0	1.7569557647617513e-05	6.759724432350022e-05	0.0	0.0
gb|ARB93503.1|ARO:3004603|tet(56)	0.0	0.0	0.0	0.00028572260412974804	0.0	0.0
gb|AVM85875.1|ARO:3004698|MCR-5.2	0.0	3.2812446588810864e-05	0.0	0.0	4.648263931012422e-05	0.0
gb|BAA11236.1|ARO:3000206|emrK	0.00013577382684717528	5.104158358259467e-05	1.4749752099234454e-05	2.837415193825935e-05	0.00016964176910617984	5.972757771735034e-05
gb|BAA11237.1|ARO:3000254|emrY	0.00014493470294836964	8.561228740050908e-05	8.958918762368215e-05	3.890362238409778e-05	6.270314365271966e-05	7.139839611377315e-05
gb|BAD89844.2|ARO:3000753|abeM	0.0	0.0	0.0	0.0	0.0	3.5272982847479534e-05
gb|BAE06006.1|ARO:3003705|mexN	5.361374349002184e-06	1.6255463404673056e-05	0.0	9.613250318850418e-06	1.549421310337474e-05	1.0168787847922028e-05
gb|BAE06008.1|ARO:3003699|mexQ	0.0	0.0	9.73483638549474e-06	1.7024491162955612e-05	0.0	2.9913811955590877e-05
gb|BAE78116.1|ARO:3003576|eptA	0.0004185588689028178	0.0004473986090313042	0.0001669564078385814	0.0003266368049471716	0.0003569050915951037	0.00022880107279728152
gb|BAL43359.1|ARO:3003742|mphG	0.0	0.0	0.0	0.0	0.0	4.192445961300425e-05
gb|BAL43360.1|ARO:3003745|mefC	0.0	0.0	0.0	0.0	0.0	7.37699336603798e-05
gb|CAA03986.1|ARO:3000343|tap	0.0	0.0	0.00010784701380880836	0.0	0.0	0.0
gb|CAA09666.1|ARO:3004122|Klebsiella	0.0003608864357252946	0.00042250148472371195	0.00015448432869796054	0.0003946450027686531	8.699959229167636e-05	0.0002526677325339882
gb|CAA53189|ARO:3000521|mupA	1.5621704509405114e-05	1.679587109764756e-05	2.972824058844532e-05	0.0	3.0504232047269022e-05	1.4814652795941405e-05
gb|CAD91132.1|ARO:3002839|lnuF	0.0	6.562489317762173e-05	0.00011264596388929628	0.0004180728615588671	0.0002979656366033604	0.0
gb|CAH14032.1|ARO:3004099|LpeA	0.0	0.0	0.0	0.0	2.2455697582214945e-05	0.0
gb|CAH14033.1|ARO:3004100|LpeB	1.6433088241320304e-05	0.0	2.0984358851949327e-05	0.0	3.08050627380705e-05	0.0
gb|CAJ13568.1|ARO:3004704|aadA8b	6.33579904056988e-05	6.812013626422331e-05	0.0	0.0	0.0	0.0
gb|CAJ77856.1|ARO:3000777|adeF	4.825338167630748e-06	5.639155126688931e-06	4.88872803289074e-06	8.464017561186147e-06	0.0	9.947935987202286e-06
gb|CCI79240.1|ARO:3005047|eptB	0.00023223904497141168	0.00018290137910748378	0.00024352508823074028	0.00040496637611477294	0.0001978346477955287	0.000164079592406617
gb|CCP45647.1|ARO:3003955|efpA	0.00023265532250485096	6.692996180798425e-05	0.0004032326190498034	0.0	3.0696082563289585e-05	2.9219340357278137e-05
gb|CDO12042.1|ARO:3005053|ArnT	5.9273642276460295e-05	0.0	8.061716592924229e-05	5.422501268781688e-05	0.00014644984000431154	2.8679303658204777e-05
gb|CDO61516.1|ARO:3003949|efrB	5.7998814532156e-05	0.0	7.37960248951643e-05	4.126793092677776e-05	0.0	3.4922201802587474e-05
gb|QTV22830.1|ARO:3007085|PRC-1	0.0	0.0	0.0	0.0	0.0	4.1694713233959975e-05
gb|WP_000949574.1|ARO:3005348|DfrA36	0.00023072055890813704	0.00017639971286144722	0.0002644335556350753	0.0	0.0	8.103741700344015e-05
gb|WP_020848173.1|ARO:3005725|OXA-491	0.0	0.0	0.0	0.0	0.0	0.00024734029015832605
gb|WP_040068451.1|ARO:3006099|OXA-912	6.311799801779843e-05	6.786210544504065e-05	0.0	0.0	0.0	0.0
gb|WP_063864908.1|ARO:3005255|TEM-224	0.0	0.0	0.0	0.0	0.0	5.525278432052738e-05
gb|WP_063865155.1|ARO:3006212|VEB-15	0.0	5.872001311284588e-05	0.0	0.0	0.0	0.0
gb|WP_071846200.1|ARO:3005350|DfrB9	0.0	0.0	0.0	0.0010802039642895335	0.0	0.0
gb|WP_072678505.1|ARO:3005937|OXA-732	0.0	0.0	0.0	0.0	5.993814016305492e-05	9.980397673055262e-05
gb|WP_081048762.1|ARO:3006954|MYO-1	0.0	0.0	0.000142469297231598	0.0	8.807236921918274e-05	0.00021030123668223588
gb|WP_109545059.1|ARO:3005263|TEM-232	0.00016663151476698786	0.00012277820923595046	0.00010643957469429373	0.00020684756762991068	0.00011149332365994831	0.0002751588659162264
gb|WP_109791184.1|ARO:3005264|TEM-233	5.7097512053023815e-05	0.0	0.0	0.0	5.688434880609608e-05	5.525278432052738e-05
gb|WP_109963600.1|ARO:3000877|TEM-5	0.00017478830220313412	0.0	0.0	0.0	5.688434880609608e-05	0.0
gb|WP_116786831.1|ARO:3005267|TEM-236	0.0	5.763058800871144e-05	0.0	0.0	4.550747904487687e-05	0.0
gb|WP_122630841.1|ARO:3005268|TEM-237	5.593225670500292e-05	0.0	0.0	0.0	0.0	0.0
gb|WP_131419583.1|ARO:3005269|TEM-238	0.0	0.0	0.0	0.00010446846849995489	0.0	0.0
gb|WP_136512087.1|ARO:3005995|OXA-795	0.0	0.0	0.0	0.0	0.0	0.00011732007870725314
gb|WP_148044414.1|ARO:3006172|GES-43	0.0	0.0	0.0	0.0	0.0	5.3959060590095525e-05
gb|WP_148044424.1|ARO:3006964|PAU-1	0.0003275759471187202	0.00012229075656990262	0.0	0.0005098631739076297	0.0007573655974966999	0.0003225178565450907
gb|WP_148044473.1|ARO:3005272|TEM-242	0.00027500026213293105	0.0003708403054473606	0.00029542412568212136	0.0001023790991299558	0.00036405983235901496	0.00015581285178388723
gi|1001786599|ref|WP_061324791.1|	1.4798535947334625e-05	9.03735207432925e-05	1.3793507069710375e-05	0.00010613847954169484	3.958867770729052e-05	8.111658321898526e-05
gi|1001905069|ref|WP_061350662.1|	0.0	8.913231759945638e-05	3.8635544677845475e-05	0.00014716020980635436	4.046995959836686e-05	0.0
gi|1002393246|ref|WP_061378420.1|	0.0	0.0	4.612381570086062e-05	0.0	0.0	2.346401574145063e-05
gi|1010998995|ref|WP_061957110.1|	0.0	0.0	0.0	9.313111434849668e-06	5.174594070783549e-06	4.925652159464827e-06
gi|1011069317|ref|WP_062010695.1|	0.0	2.3342795879466753e-05	0.0	0.0	0.0	0.0
gi|1011247976|ref|WP_062166935.1|	0.0	5.584377837385788e-06	0.0	0.0	0.0	0.0
gi|1011729993|ref|WP_062573631.1|	0.0	0.0	4.96848655166151e-06	0.0	1.0408780395741189e-05	0.0
gi|1015908301|ref|WP_062876269.1|	4.419934078699944e-05	0.0	4.037363178059417e-05	0.0	0.0	4.191590534660698e-05
gi|1016360943|ref|WP_063030419.1|	0.0	0.0	9.190808701834592e-06	0.0	2.007371140493876e-05	0.0
gi|1016488817|ref|WP_063078678.1|	0.0	0.0	0.0	0.0	0.0	1.0684446460899818e-05
gi|1016491603|ref|WP_063080527.1|	0.0001741454027007778	4.65710448826019e-05	0.0	0.0	4.229057104342867e-05	4.1077587239674836e-05
gi|1016518516|ref|WP_063098254.1|	0.0	0.0	0.0	1.9643643649564167e-05	1.0696202339607809e-05	0.0
gi|1016529975|ref|WP_063105381.1|	0.0	0.0	0.0	0.0	1.3905063041490151e-05	0.0
gi|1016547979|ref|WP_063116960.1|	0.0	0.0	0.0	0.0	0.0	6.990727793969606e-06
gi|1022688710|ref|WP_063443532.1|	0.0	8.10994050256782e-06	0.0	0.0	0.0	0.0
gi|1028098568|ref|WP_063855066.1|	5.938141253514477e-05	0.0	0.0	0.0	5.797652830317313e-05	0.00011377653347282999
gi|1028099117|ref|WP_063855569.1|	6.148764382545678e-05	6.610920973243812e-05	0.0	0.0	6.003292899831542e-05	0.0
gi|1031625992|gb|ANG10321.1|	0.0	0.0	5.3219787347146864e-05	0.0	0.0	0.0
gi|1031627388|gb|ANG10976.1|	0.0	0.0	5.4305905456272307e-05	0.0	4.6645166020998786e-05	0.0
gi|1031629559|gb|ANG12003.1|	4.6610213920835774e-05	0.0	4.778919680151964e-05	0.0	0.0	0.0
gi|1031630461|gb|ANG12423.1|	0.0	0.0	0.0	0.0	0.0	5.1937617261295734e-05
gi|1031632552|gb|ANG13404.1|	5.7097512053023815e-05	0.0	0.0	0.0	0.0	0.0
gi|1031636975|gb|ANG15485.1|	0.0	0.0	0.0	0.00030922666675986646	5.688434880609608e-05	0.0
gi|1031640304|gb|ANG17117.1|	5.7097512053023815e-05	6.264194348772982e-05	0.00037796910197565527	0.00010446846849995489	5.688434880609608e-05	0.00010940051295464422
gi|1031644372|gb|ANG19132.1|	9.205517249365066e-05	0.0	0.0	0.0	0.0	0.0
gi|1031647735|gb|ANG20792.1|	0.0	6.138910461797523e-05	0.0	0.0	0.0	0.0
gi|1031647891|gb|ANG20867.1|	5.7097512053023815e-05	0.00012277820923595046	0.0001596593620414406	0.0002047581982599116	5.574666182997416e-05	0.00021659091453646735
gi|1031649510|gb|ANG21633.1|	0.0	5.1366393659938464e-05	4.453084247414329e-05	0.0	0.0	0.0
gi|1031651563|gb|ANG22502.1|	0.0	0.0	0.0	0.00011282594597995128	0.0	5.414772863411684e-05
gi|1031653325|gb|ANG23254.1|	0.0	6.264194348772982e-05	0.00014879818095018616	9.193225227996031e-05	5.0058226949364555e-05	4.86224502020641e-05
gi|1031653436|gb|ANG23305.1|	0.0	0.0	0.0	0.0	0.0	5.525278432052738e-05
gi|1031654323|gb|ANG23675.1|	5.7097512053023815e-05	0.0	0.0	0.0	0.0	0.0
gi|1031654576|gb|ANG23785.1|	0.0	0.0	0.0	0.0	5.574666182997416e-05	0.0
gi|1031655584|gb|ANG24201.1|	0.0	6.138910461797523e-05	0.0	0.0	0.0	0.0
gi|1031655881|gb|ANG24321.1|	0.0	0.0	0.0	0.0	5.688434880609608e-05	0.0
gi|1031656033|gb|ANG24385.1|	0.0	5.1366393659938464e-05	0.0	0.0	0.0	0.0
gi|1031656232|gb|ANG24468.1|	0.00011419502410604763	0.0001841673138539257	0.0001596593620414406	0.0	5.574666182997416e-05	5.414772863411684e-05
gi|1031658245|gb|ANG25309.1|	4.6610213920835774e-05	0.0	0.0	0.0	0.0	0.0
gi|1031659669|gb|ANG25919.1|	0.0	6.264194348772982e-05	0.0	0.0	0.0	0.0
gi|1031662238|gb|ANG27022.1|	0.0	0.0	0.00021396526749771288	0.00010446846849995489	5.688434880609608e-05	0.0
gi|1031663106|gb|ANG27416.1|	0.0001922671324234475	0.0002681075181274837	8.797556683916115e-05	0.00024236684691989537	0.0001524500548003375	8.398423216720162e-05
gi|1031663675|gb|ANG27698.1|	0.0	0.0	0.0	0.0001023790991299558	0.0	0.0
gi|1031668563|gb|ANG30132.1|	0.0001421611524585491	0.0005587661359105501	0.00031280201542812855	0.00033429909919985567	0.00045393710347264675	0.00013260668236926573
gi|1031671948|gb|ANG31821.1|	0.0	5.387207139944765e-05	4.6703078692394184e-05	0.0001023790991299558	4.8920539973242625e-05	0.0
gi|1031674470|gb|ANG33079.1|	0.0	0.0	0.0	0.0001023790991299558	5.460897485385224e-05	0.0
gi|1031674865|gb|ANG33275.1|	0.0	0.0	0.0	0.0	4.6645166020998786e-05	0.0
gi|1031674895|gb|ANG33290.1|	0.0	0.0	0.0	0.0001023790991299558	0.0	0.0
gi|1031675739|gb|ANG33710.1|	0.0	6.264194348772982e-05	0.0	0.0	0.0	0.0
gi|1031678693|gb|ANG35178.1|	5.593225670500292e-05	0.00010273278731987693	0.0	0.0	0.0	0.0
gi|1031681095|gb|ANG36371.1|	0.0	0.0	0.0	0.00010446846849995489	0.0	0.0
gi|1032346815|ref|WP_064200323.1|	3.386819405833087e-05	0.0	0.0	0.0	0.0	0.0
gi|1032594922|ref|WP_064225264.1|	0.0	1.2113316996275004e-05	4.116527161942935e-05	0.00012120885189041419	0.0	1.0684446460899818e-05
gi|1033217078|gb|OAR27197.1|	0.00019075288212926396	0.00023489999201235768	0.00023206783837809492	4.971378035106006e-05	0.0001353487833489474	0.000154604829178277
gi|1035670474|ref|WP_064517458.1|	0.0	0.0	0.0	0.0	0.0	1.6257506497603733e-05
gi|1035686348|ref|WP_064529930.1|	0.0	1.53124750747784e-05	0.0	0.0	1.3905063041490151e-05	0.0
gi|1035701600|ref|WP_064543230.1|	0.0	2.817495413759226e-05	0.0	0.0	0.0	0.0
gi|1035706844|ref|WP_064548272.1|	8.571579977725713e-06	0.0	0.0	0.0	0.0	0.0
gi|1039004533|ref|WP_064760451.1|	0.0	0.0	0.0	0.0	0.0	2.6594862683907857e-05
gi|1044868049|dbj|BAV27457.1|	0.0	0.0	0.0	7.530682291364107e-06	1.445443131666434e-05	0.0
gi|1045390184|ref|WP_065479071.1|	5.5084798270078637e-05	2.9020304001224655e-05	0.0	0.0	2.6352967410533237e-05	0.0
gi|1045958069|emb|SCA71680.1|	0.0	0.0	0.0	0.0	2.8649677059070277e-05	1.4197930202759056e-05
gi|116668015|pdb|2I68|A	0.0	0.0001307707725364287	0.0	0.0	0.0	0.0
gi|151567624|pdb|2HP6|A	0.0	0.0	0.0	0.0	0.0	6.244455802160248e-05
gi|157139469|gb|ABV24340.1|	0.0	0.0	0.0	0.0	0.0	0.0001460967017863907
gi|237823426|pdb|2V50|A	0.0	0.0	0.0	0.0	5.051820431993856e-06	0.0
gi|26109487|gb|AAN81690.1|AE016765_92	0.0	0.0	4.993202880700231e-05	2.4771930923153428e-05	1.3763894888784667e-05	0.0
gi|26110020|gb|AAN82225.1|AE016766_313	0.0	0.0	0.0	1.9682465079701644e-05	1.0717341079409405e-05	0.0
gi|2708772|gb|AAB96371.1|	0.0	0.0	0.0	0.0	0.0	4.041508009122975e-05
gi|296278285|pdb|2WGV|A	0.0	0.0	0.0	0.0	0.0	0.00012616349477833968
gi|299882142|gb|EFI90353.1|	0.0	0.0	3.225501093375704e-05	0.0	3.5989944206258716e-05	0.0
gi|300455078|gb|EFK18571.1|	3.010506138518299e-05	1.618391674570075e-05	4.1248940870688355e-05	2.483084320840843e-05	4.40892242778956e-05	0.0
gi|305670809|gb|ADM62671.1|	0.0	0.0	0.0	0.0	0.0	4.682161871309876e-05
gi|322506435|gb|ADX01889.1|	0.00010877334991733931	0.0	0.0	0.0	0.0	0.0
gi|323172150|gb|EFZ57788.1|	0.0	0.0	7.989449053751995e-06	0.0	0.0	0.0
gi|323182192|gb|EFZ67602.1|	5.158870426222535e-05	1.848874699431448e-05	1.6028368380282645e-05	0.0	0.0	0.0
gi|324017431|gb|EGB86650.1|	0.0	0.0	0.0	0.0	3.711841828405551e-05	0.0
gi|324115360|gb|EGC09324.1|	6.171537583962513e-05	0.0	0.0	0.0	5.9050167716194853e-05	0.0
gi|331067220|gb|EGI38628.1|	0.0	8.743580203753407e-06	7.5800336556827145e-06	1.4581738404581308e-05	0.0	0.0
gi|331067648|gb|EGI39050.1|	0.0	0.0	0.0	0.00015282855238356574	4.077633064801179e-05	3.960677848940515e-05
gi|332091165|gb|EGI96255.1|	0.0	0.0	2.070865194732517e-05	1.389673580976144e-05	6.72617002937198e-06	0.0
gi|332752007|gb|EGJ82400.1|	0.0	1.848874699431448e-05	1.6028368380282645e-05	0.00013813556173335626	0.0	3.2615678670115235e-05
gi|333008869|gb|EGK28329.1|	0.0	0.00021691922411079463	0.0	0.0	0.00011723195061303389	7.746223684152369e-05
gi|333011104|gb|EGK30518.1|	0.0	0.0	1.485686596513812e-05	0.0	0.0	0.0
gi|333012759|gb|EGK32138.1|	0.0	0.0	0.0	0.0	0.0	8.021470211000421e-05
gi|339514070|emb|CCC31832.1|	0.0	0.0	1.0480087017877112e-05	0.0	2.1516255443147922e-05	0.0
gi|347302801|gb|AEO72915.1|	0.0	1.1330935089216467e-05	0.0	2.8923506283627388e-05	9.239530756707494e-06	0.0
gi|353568605|gb|EHC33464.1|	4.330903567692992e-05	1.1408241663899231e-05	0.0	1.8249059825554173e-05	0.0	9.651824910156323e-06
gi|373247498|gb|EHP66939.1|	1.7037987194988536e-05	3.663721030161704e-05	0.0	9.16502515060954e-05	6.554147199249622e-05	1.5834611850058704e-05
gi|377856087|gb|EHU20948.1|	0.0	1.2113316996275004e-05	0.0	0.0	1.0999948450671724e-05	0.0
gi|388607857|gb|EIM37061.1|	4.064183286999704e-05	0.0	0.0	0.0	0.0	0.0
gi|390742273|gb|EIO13282.1|	0.00019538184838983758	4.855175023710225e-05	9.793115893789276e-05	0.00010688058598401887	4.3501367954190326e-05	1.4274883753993522e-05
gi|391243981|gb|EIQ03268.1|	5.35620426766274e-06	2.176822637920764e-05	4.892593758046931e-06	2.4394109372262045e-05	1.0458967379327211e-05	5.079490940427782e-06
gi|391251304|gb|EIQ10520.1|	0.0	0.0	6.797150529756622e-05	0.0	0.0	0.0
gi|391257402|gb|EIQ16514.1|	1.4675999693395908e-05	0.0	0.0	2.8811940203459107e-05	0.0	5.079490940427782e-06
gi|391266580|gb|EIQ25529.1|	0.0	0.0	0.0	1.3832399069901433e-05	0.0	0.0
gi|391316952|gb|EIQ74337.1|	0.00031609493407313454	0.00018675651418475188	9.224763140172124e-05	0.0	2.4156886792988804e-05	7.18286196166856e-05
gi|421944075|gb|EKU01337.1|	8.784757682276349e-05	0.0	9.552840490345608e-05	0.0	0.0	2.7769725743019867e-05
gi|445946986|ref|WP_000024841.1|	0.0	5.182911042668486e-06	0.0	0.0	5.2294836896636055e-06	0.0
gi|445947001|ref|WP_000024856.1|	5.35620426766274e-06	1.0596173687233348e-05	0.0	0.0	0.0	4.977901121619226e-06
gi|445947019|ref|WP_000024874.1|	5.35620426766274e-06	0.0	0.0	0.0	0.0	0.0
gi|445947023|ref|WP_000024878.1|	0.0	0.0	0.0	7.491104452899368e-06	5.2294836896636055e-06	0.0
gi|445947030|ref|WP_000024885.1|	0.0	0.0	0.0	1.8823800932926616e-05	0.0	0.0
gi|445947045|ref|WP_000024900.1|	0.0	5.758790047409428e-06	0.0	0.0	0.0	0.0
gi|445947058|ref|WP_000024913.1|	5.249080182309485e-06	0.0	0.0	0.0	0.0	0.0
gi|445996697|ref|WP_000074552.1|	0.0	0.0	0.0	0.0	4.0014181412598844e-05	0.0
gi|445996722|ref|WP_000074577.1|	0.0002146257051044051	0.00018437409308485607	0.00012364874706412605	0.0	4.527920528267765e-05	4.091209402115425e-05
gi|445996723|ref|WP_000074578.1|	0.0003397341563210432	0.00014030984442306657	0.0004081413927482534	0.0002320619960465017	0.00025903917440787673	0.00017080799253831904
gi|445996732|ref|WP_000074587.1|	0.0	0.0	0.0	0.0	4.0014181412598844e-05	0.0
gi|446008125|ref|WP_000085980.1|	8.523351138976361e-05	9.163987640660222e-05	0.0	0.0	0.0	0.0
gi|446008144|ref|WP_000085999.1|	0.0	4.581993820330111e-05	3.97224781598309e-05	0.0	0.0	0.0
gi|446048013|ref|WP_000125868.1|	8.057285179062171e-06	2.396118784849583e-05	7.989449053751995e-06	1.4447172361897054e-05	7.029781870975577e-06	6.177852469089419e-06
gi|446048047|ref|WP_000125902.1|	0.0	0.0	0.0	0.0	8.20141218280484e-06	0.0
gi|446110263|ref|WP_000188118.1|	0.0	0.0	0.0	1.3525012423903623e-05	0.0	0.0
gi|446110272|ref|WP_000188127.1|	0.0	0.0	0.0	0.0	0.0	8.128753248801866e-06
gi|446110277|ref|WP_000188132.1|	7.885853579507655e-06	0.0	0.0	0.0	8.20141218280484e-06	0.0
gi|446110279|ref|WP_000188134.1|	0.0	9.031524650586891e-06	0.0	0.0	0.0	0.0
gi|446110295|ref|WP_000188150.1|	8.571579977725713e-06	0.0	0.0	0.0	0.0	0.0
gi|446110299|ref|WP_000188154.1|	0.0	0.0	0.0	0.0	0.0	6.177852469089419e-06
gi|446110309|ref|WP_000188164.1|	0.0	0.0	0.0	0.0	0.0	1.6257506497603733e-05
gi|446110310|ref|WP_000188165.1|	0.0	0.0	0.0	1.536933229989048e-05	0.0	0.0
gi|446110329|ref|WP_000188184.1|	0.0	0.0	0.0	0.0	2.5106363824912776e-05	0.0
gi|446110334|ref|WP_000188189.1|	0.0	0.0	0.0	0.0	0.0	8.128753248801866e-06
gi|446110340|ref|WP_000188195.1|	8.571579977725713e-06	1.7694415641966154e-05	7.989449053751995e-06	2.9816504661787532e-05	1.5900697089111424e-05	0.0
gi|446110347|ref|WP_000188202.1|	0.0	0.0	7.829660072676956e-06	0.0	0.0	0.0
gi|446110351|ref|WP_000188206.1|	0.0	0.0	0.0	1.5061945653892673e-05	8.368787941637591e-06	0.0
gi|446289936|ref|WP_000367791.1|	0.0	0.0	0.0	0.0	0.0	8.022704283340576e-05
gi|446533200|ref|WP_000610546.1|	0.0	0.0	0.0	0.0	0.0	8.85101296369541e-06
gi|446533212|ref|WP_000610558.1|	0.0	0.0	0.0	0.0	1.1112652840535163e-05	0.0
gi|446533244|ref|WP_000610590.1|	0.0	0.0	0.0	0.0	0.0	1.0793918248409037e-05
gi|446533247|ref|WP_000610593.1|	0.0	0.0	0.0	0.0	1.1112652840535163e-05	0.0
gi|446533253|ref|WP_000610599.1|	1.1381934068783322e-05	0.0	0.0	0.0	0.0	8.635134598727229e-06
gi|446533256|ref|WP_000610602.1|	0.0	0.0	0.0	0.0	1.0890399783724459e-05	0.0
gi|446657920|ref|WP_000735266.1|	0.0	0.0	1.0544120136112615e-05	0.0	0.0	0.0
gi|446657946|ref|WP_000735292.1|	0.0	1.2113316996275004e-05	0.0	0.0	3.299984535201517e-05	0.0
gi|446657952|ref|WP_000735298.1|	0.0	0.0	1.0501344800874835e-05	0.0	0.0	0.0
gi|446657953|ref|WP_000735299.1|	0.0	0.0	1.008129100883984e-05	0.0	0.0	0.0
gi|446657957|ref|WP_000735303.1|	0.0	0.0	0.0	0.0	0.0	1.0684446460899818e-05
gi|446669097|ref|WP_000746443.1|	0.0	0.0	0.0	0.0	1.4617182172995036e-05	0.0
gi|446669101|ref|WP_000746447.1|	0.0	1.577473847326228e-05	0.0	0.0	0.0	0.0
gi|446669117|ref|WP_000746463.1|	0.0	0.0	0.0	0.0	0.0	1.3913971598703877e-05
gi|446669122|ref|WP_000746468.1|	0.0	0.0	0.0	0.0	0.0	1.3630012994648697e-05
gi|446782981|ref|WP_000860237.1|	0.0	5.4289684356032524e-05	7.059767709315401e-05	0.0	2.366388910333597e-05	0.0
gi|446783051|ref|WP_000860307.1|	0.0	0.0	4.7065118062102674e-05	0.0	0.0	2.3942873205561866e-05
gi|446966005|ref|WP_001043261.1|	6.148764382545678e-05	0.0	0.0	0.0	0.0	0.0
gi|447097679|ref|WP_001174935.1|	0.0	0.0	0.0	5.0995242785492206e-05	0.0	0.0
gi|447110034|ref|WP_001187290.1|	0.0	0.0	2.972824058844532e-05	0.0	0.0	0.0
gi|447110050|ref|WP_001187306.1|	0.0	1.166379937336636e-05	0.0	0.0	0.0	0.0
gi|447195835|ref|WP_001273091.1|	0.0005303892005981902	0.0008126420595567692	0.00036747705906528007	7.811237121826693e-05	0.000340265072074112	0.0008562159245549751
gi|447196024|ref|WP_001273280.1|	0.0	5.758790047409428e-06	0.0	0.0	0.0	0.0
gi|447197874|ref|WP_001275130.1|	0.0	0.0	0.0	0.0	0.0	7.712199275583617e-06
gi|477451291|gb|ENH14582.1|	0.0	0.0	3.97224781598309e-05	0.0	0.0	3.960677848940515e-05
gi|481023147|ref|WP_001295185.1|	0.0	0.0	0.0	0.0	0.0	8.383181069321397e-05
gi|485656255|ref|WP_001300410.1|	0.0	0.0	1.3274776889311007e-05	0.0	0.0	0.0
gi|485667622|ref|WP_001308821.1|	0.0	0.0	0.0	2.4705308106242557e-05	0.0	0.0
gi|485729239|ref|WP_001357227.1|	2.5247199207119375e-05	2.7144842178016262e-05	4.7065118062102674e-05	0.0	0.0	0.0
gi|485750142|ref|WP_001376145.1|	0.0	0.0	4.11975834495859e-05	0.0	0.0	4.191590534660698e-05
gi|485763612|ref|WP_001388625.1|	0.0	0.0	0.0	0.0	0.0	1.0057392062047008e-05
gi|485773414|ref|WP_001397246.1|	1.071240853532548e-05	1.7276370142228284e-05	0.0	0.0	1.035437770553394e-05	0.0
gi|485775886|ref|WP_001399403.1|	0.0	0.0	1.0501344800874835e-05	0.0	0.0	0.0
gi|485809243|ref|WP_001429309.1|	0.0	1.0497419436029726e-05	3.9839887047100184e-05	0.0	0.0	0.0
gi|485816296|ref|WP_001435599.1|	0.0	0.0	0.0	0.0	0.0	1.0287953330514863e-05
gi|485890120|ref|WP_001482667.1|	0.0	6.875017744222265e-05	2.396834716125599e-05	0.0	3.883117604919842e-05	4.617131845319461e-05
gi|485945193|ref|WP_001493217.1|	0.0	0.0	0.0	4.5269669683313784e-05	0.0	2.3942873205561866e-05
gi|486029954|ref|WP_001504806.1|	0.0	0.0	0.0	0.0	5.2294836896636055e-06	0.0
gi|486030393|ref|WP_001504858.1|	0.0	0.0	0.0	7.641427619178287e-05	0.00012482550198370958	0.0
gi|486135987|ref|WP_001514553.1|	0.0	0.0	1.722220547343473e-05	0.0	0.0	1.0684446460899818e-05
gi|486137290|ref|WP_001514840.1|	0.0	0.0	0.0	2.040845764411687e-05	0.0	0.0
gi|486144614|ref|WP_001516928.1|	0.0	0.0	9.909413529481772e-06	0.0	0.0	0.0
gi|486158330|ref|WP_001522010.1|	0.0	0.0	3.97224781598309e-05	0.0	0.0	0.0
gi|486163839|ref|WP_001527347.1|	0.0	0.0	0.0	0.0	2.366388910333597e-05	0.0
gi|486165086|ref|WP_001528552.1|	0.0	0.0	1.0131434416499596e-05	0.0	0.0	0.0
gi|486168428|ref|WP_001531742.1|	0.0	4.65710448826019e-05	0.0	0.0	0.0	0.0
gi|486185351|ref|WP_001540447.1|	0.0	0.0	0.0	2.000028849123453e-05	0.0	2.1587836496818073e-05
gi|486189080|ref|WP_001542462.1|	0.0	0.0	3.712404678361952e-05	0.0	0.0	0.0
gi|486198146|ref|WP_001547646.1|	0.0	0.0	2.0223292917309738e-05	0.0	0.0	0.0
gi|486202167|ref|WP_001550110.1|	0.0	0.0	4.11975834495859e-05	0.0	0.0	0.0
gi|486202913|ref|WP_001550439.1|	0.0	0.0	0.0	0.0	1.0668146726913754e-05	0.0
gi|486202959|ref|WP_001550478.1|	0.0	4.7521474370001946e-05	0.0	0.0	0.0	0.0
gi|486233868|ref|WP_001560073.1|	0.0	0.0	0.0	9.603980067819702e-06	0.0	0.0
gi|486280055|ref|WP_001570413.1|	0.0	0.0	0.0	0.0	0.0	4.977901121619226e-06
gi|486282886|ref|WP_001571248.1|	0.0	0.0	0.0	0.0	3.9660560406399525e-05	0.0
gi|486286998|ref|WP_001572262.1|	4.419934078699944e-05	0.0	0.0	0.0	0.0	0.0
gi|486309014|ref|WP_001577542.1|	0.0	0.0	0.0	0.0	1.1112652840535163e-05	0.0
gi|486361816|ref|WP_001594132.1|	0.0	0.0	3.398575264878311e-05	0.0	0.0	0.0
gi|486385683|ref|WP_001600222.1|	0.0	0.0	2.306190785043031e-05	0.0	0.0	0.0
gi|486386994|ref|WP_001600655.1|	1.0605284449972226e-05	1.1517580094818855e-05	2.346448026818426e-05	3.841592027127881e-05	0.0	5.079490940427782e-06
gi|486387945|ref|WP_001601125.1|	1.1381934068783322e-05	0.0	0.0	0.0	0.0	0.0
gi|486390051|ref|WP_001602089.1|	0.0	0.0	7.989449053751995e-06	0.0	0.0	0.0
gi|486392882|ref|WP_001603305.1|	1.3957169612961375e-05	1.5006225573282834e-05	0.0	0.0	0.0	0.0
gi|486403059|ref|WP_001607116.1|	0.0	0.0	7.989449053751995e-06	0.0	0.0	0.0
gi|486414050|ref|WP_001611044.1|	0.0	0.0	1.477763012634583e-05	0.0	0.0	4.977901121619226e-06
gi|486420890|ref|WP_001612725.1|	0.0	0.0	0.0	0.0	0.0	8.128753248801866e-06
gi|486772027|ref|WP_001620939.1|	8.523351138976361e-05	0.0	0.0	0.0	0.0	0.0
gi|486811418|ref|WP_001621377.1|	1.1041168659340642e-05	0.0	1.0291317904857338e-05	0.00010060334706904376	0.0	1.0470757531681823e-05
gi|487139409|ref|WP_001630683.1|	0.0	0.0	1.0396761735849727e-05	0.0	0.0	0.0
gi|487359045|ref|WP_001634240.1|	8.400148378171199e-06	8.478574161775449e-06	1.4381008296753592e-05	0.0	3.247089721355385e-05	3.1051837410423134e-05
gi|487361978|ref|WP_001636780.1|	5.35620426766274e-06	0.0	0.0	0.0	5.124894015870334e-06	4.774721484002116e-06
gi|487371629|ref|WP_001645359.1|	0.0	0.0	0.0	6.407094606382354e-05	0.0	0.0
gi|487372611|ref|WP_001646232.1|	0.0	0.0	7.576336078289698e-05	0.00014283132854227978	0.0	0.0
gi|487376640|ref|WP_001649706.1|	0.0	0.0	0.0	7.28731268072856e-05	0.0	0.0
gi|487399507|ref|WP_001668994.1|	1.4426970975496782e-05	0.0	0.0	0.0	0.0	0.0
gi|487399647|ref|WP_001669103.1|	0.0	0.0	0.0	0.0	0.0	1.0578039883440855e-05
gi|487475739|ref|WP_001697126.1|	0.0	5.643614246461239e-06	4.892593758046931e-06	5.7623880406918213e-05	0.0	0.0
gi|487501904|ref|WP_001704583.1|	0.0	0.0	9.31889337629633e-05	0.0	0.0	0.0
gi|487576579|ref|WP_001721908.1|	1.071240853532548e-05	5.758790047409428e-06	0.0	0.0	0.0	0.0
gi|487582841|ref|WP_001723732.1|	0.0	0.0	0.0	0.0	0.0	2.3942873205561866e-05
gi|487583016|ref|WP_001723822.1|	0.0	0.0	0.0	0.0	0.0	1.0082194263904567e-05
gi|487601151|ref|WP_001731206.1|	2.5247199207119375e-05	0.0	2.3532559031051337e-05	0.0	7.394965344792491e-05	2.3942873205561866e-05
gi|487620990|ref|WP_001737026.1|	0.0	9.215841480190704e-06	0.0	0.0	8.368787941637591e-06	0.0
gi|487633470|ref|WP_001740535.1|	2.5247199207119375e-05	0.0	0.0	0.0	2.4649884482641635e-05	0.0
gi|487634907|ref|WP_001741254.1|	0.0	0.0	0.0	0.0001457462536145712	0.0	0.0
gi|487637495|ref|WP_001742122.1|	1.0848405909309105e-05	0.0	0.0	0.0	0.0	0.0
gi|487660603|ref|WP_001751145.1|	0.0	0.0	1.3954617215178686e-05	0.0	0.0	0.0
gi|487663012|ref|WP_001752778.1|	1.0283912193912463e-05	2.303516018963771e-05	1.996977044100788e-05	0.0	0.0	0.0
gi|487663500|ref|WP_001753174.1|	0.0	0.0	0.0	0.0	5.124894015870334e-06	0.0
gi|487732787|ref|WP_001817019.1|	0.0	0.0	0.0	2.5536736744433412e-05	0.0	0.0
gi|487969243|ref|WP_002042236.1|	5.064132682863517e-06	0.0	0.0	0.0	0.0	0.0
gi|489058813|ref|WP_002968895.1|	0.0001400264829974688	7.075907599681213e-05	0.0	0.000125537739457929	0.00013671364502977713	0.00025761726766723877
gi|489273629|ref|WP_003181339.1|	4.615540855994627e-06	4.736890306418702e-06	9.679681505123666e-06	9.404463956873496e-06	1.003685570246938e-05	0.0
gi|489294780|ref|WP_003202298.1|	0.0	0.0	0.0	0.0	0.0	4.973967993601143e-06
gi|489506355|ref|WP_003411230.1|	1.4526046128950338e-05	0.0	4.675518783968055e-06	0.0	0.0	0.0
gi|489544697|ref|WP_003449357.1|	0.0	0.0	0.0	9.395591821065125e-06	1.0232027521096528e-05	0.0
gi|489689654|ref|WP_003593850.1|	0.0	0.0	5.113247394401277e-06	0.0	0.0	0.0
gi|489922738|ref|WP_003826085.1|	0.0	0.0	0.0	0.0	0.0	4.973105455798784e-06
gi|490116465|ref|WP_004017051.1|	0.0	0.0	2.3532559031051337e-05	4.5269669683313784e-05	0.0	0.0
gi|490522515|ref|WP_004387938.1|	0.0	0.0	0.0	0.0	0.0	2.295851396712609e-05
gi|490805434|ref|WP_004667559.1|	0.0	0.0	4.870332066633389e-06	0.0	0.0	0.0
gi|491017944|ref|WP_004879650.1|	5.120692520277457e-06	0.0	0.0	0.0	4.999543832979809e-06	0.0
gi|491130228|ref|WP_004988656.1|	0.0	0.0	4.11975834495859e-05	7.925194162065543e-05	4.3153643921865995e-05	0.0
gi|491172760|ref|WP_005031127.1|	0.0	0.0	1.0111646458654869e-05	0.0	0.0	1.0287953330514863e-05
gi|491276012|ref|WP_005134118.1|	0.0	4.337916667673301e-05	0.0	0.0	0.0	0.0
gi|492158881|ref|WP_005766114.1|	1.1381934068783322e-05	0.0	1.0608940546785436e-05	0.0	0.0	0.0
gi|492246796|ref|WP_005788492.1|	0.0	4.398540998817366e-06	0.0	0.0	0.0	0.0
gi|493171912|ref|WP_006174388.1|	0.0	9.24437349715724e-06	0.0	0.0	0.0	0.0
gi|493458922|ref|WP_006414163.1|	0.0	0.0	0.0	9.53045677543448e-06	0.0	0.0
gi|493870778|ref|WP_006817302.1|	0.0	1.1430523385899034e-05	0.0	0.0	0.0	0.0
gi|494938585|ref|WP_007664615.1|	8.41313160595817e-06	0.0	0.0	0.0	0.0	0.0
gi|495004199|ref|WP_007730213.1|	7.726345352410566e-06	0.0	0.0	0.0	0.0	0.0
gi|495067432|ref|WP_007792257.1|	0.0	7.014864933793382e-06	0.0	0.0	0.0	0.0
gi|496018010|ref|WP_008742581.1|	0.0	2.8756975662103904e-05	0.0	4.699907279481116e-05	0.0	0.0
gi|496334960|ref|WP_009044138.1|	2.622466395451493e-05	0.0	0.0	0.0	0.0	0.0
gi|496339859|ref|WP_009049037.1|	1.0544276102225502e-05	0.0	1.945779377601023e-05	9.548731860334643e-06	5.19940037025998e-06	9.999535540117688e-06
gi|496340078|ref|WP_009049256.1|	0.0	0.0	0.0	9.216374677736027e-06	1.505528355370407e-05	0.0
gi|496667122|ref|WP_009309612.1|	2.133826990902869e-05	0.0	0.0	9.613250318850418e-06	1.5598903732451598e-05	0.0
gi|497896441|ref|WP_010210597.1|	0.0	1.1278310253377862e-05	0.0	0.0	5.120844746157847e-06	0.0
gi|498321739|ref|WP_010635895.1|	0.0	0.00012842721030459304	0.0	0.0	0.0	0.0
gi|499256187|ref|WP_010953727.1|	1.0661005423351752e-05	2.8311914087397382e-05	1.987394620664604e-05	1.911579142097703e-05	5.2043901978705944e-06	5.055117183515941e-05
gi|499320621|ref|WP_011011113.1|	0.0	0.0	5.731176738189624e-05	0.0	0.0	0.0
gi|499589362|ref|WP_011270145.1|	0.0	0.0	0.0	0.00010346438993345357	0.00011267523168461209	5.472173282458451e-05
gi|499772318|ref|WP_011453052.1|	0.0004864169953124573	6.586616116724534e-05	0.0	0.0	0.00011723195061303389	0.00011386948815703982
gi|501389935|ref|WP_012421501.1|	0.0	0.0	0.0	0.0	0.0	4.1077587239674836e-05
gi|502019090|ref|WP_012695459.1|	0.0	0.0	0.0	0.0	4.648263931012422e-05	0.00010261231373812229
gi|502187851|ref|WP_012728223.1|	0.0	0.0	0.0	0.0	0.0	4.740688894701249e-05
gi|503278284|ref|WP_013512945.1|	6.148764382545678e-05	0.0	0.0	0.0	0.0	0.0
gi|503722573|ref|WP_013956649.1|	0.0	0.0	0.0	0.0	0.0	9.804526995477946e-06
gi|504104202|ref|WP_014338188.1|	1.4476014502892241e-05	2.2443837404221945e-05	0.0	0.0	5.120844746157847e-06	0.0
gi|504199703|ref|WP_014386805.1|	0.00012174553477440441	0.0	0.0	0.0	0.00012006585799663084	5.8311056515390523e-05
gi|504873101|ref|WP_015060203.1|	0.0	0.0	0.0	0.0	5.748736310439392e-05	0.0
gi|504907940|ref|WP_015095042.1|	0.0	0.0	1.4666184098672221e-05	0.0	0.0	0.0
gi|505244441|ref|WP_015431543.1|	0.0	5.133708748754654e-05	0.0	0.0	0.0	4.0660879408743655e-05
gi|505264501|ref|WP_015451603.1|	0.0	0.0	0.0	0.0	0.0	4.598146357615179e-06
gi|505288054|ref|WP_015475156.1|	0.0	1.6899351076791765e-05	4.94948660308919e-06	0.0	2.571506113523762e-05	0.0
gi|505289664|ref|WP_015476766.1|	5.205608083942139e-06	5.5968746758796415e-06	0.0	7.09380390913783e-06	3.0291404436400855e-05	2.409097345219421e-05
gi|506486765|ref|WP_015963310.1|	1.424200980914426e-05	0.0	0.0	0.0	1.3905063041490151e-05	0.0
gi|507083067|ref|WP_016153816.1|	5.049439841423875e-05	5.4289684356032524e-05	0.00011766279515525667	0.0	2.4649884482641635e-05	0.00011971436602780933
gi|507086291|ref|WP_016157032.1|	0.0	2.7144842178016262e-05	0.0	0.0	0.0	0.0
gi|510916034|ref|WP_016237164.1|	0.0	0.0	0.0	0.0	0.0	5.079490940427782e-06
gi|510923188|ref|WP_016243973.1|	0.0	0.0	0.0	0.0	0.0	5.079490940427782e-06
gi|510923671|ref|WP_016244456.1|	0.0	0.0	0.0	0.0	8.368787941637591e-06	0.0
gi|510924841|ref|WP_016245594.1|	0.0	0.0	1.0608940546785436e-05	2.000028849123453e-05	0.0	0.0
gi|510925114|ref|WP_016245857.1|	8.571579977725713e-06	0.0	0.0	0.0	0.0	0.0
gi|510927038|ref|WP_016247755.1|	1.424200980914426e-05	3.0318700648061233e-05	1.3009281351524788e-05	0.0	1.3905063041490151e-05	1.3506236167240025e-05
gi|510927091|ref|WP_016247806.1|	0.0	0.0	0.0	0.0	2.4649884482641635e-05	2.3942873205561866e-05
gi|512735233|ref|WP_016493075.1|	1.0041823865430529e-05	5.62322530994687e-06	9.749836133392264e-06	1.6505099907136626e-05	8.374461696174295e-06	0.0
gi|515715981|ref|WP_017148581.1|	0.0	5.725661820866325e-06	0.0	0.0	0.0	0.0
gi|516081407|ref|WP_017511990.1|	0.0	0.0	0.0	0.0	0.0	4.925652159464827e-06
gi|516574297|ref|WP_017949361.1|	0.0	5.7792244637066875e-05	0.0	0.0	0.0	0.0
gi|517381192|ref|WP_018555350.1|	0.0	2.499850581975451e-05	0.0	0.0	0.0	0.0
gi|518286938|ref|WP_019457146.1|	0.0	1.4414847225567256e-05	0.0	0.0	0.0	0.0
gi|518679614|ref|WP_019841307.1|	0.0	0.0	0.0	9.603980067819702e-06	0.0	0.0
gi|519083930|ref|WP_020239805.1|	0.0	0.0	7.829660072676956e-06	0.0	0.0	0.0
gi|523461775|gb|EPR33768.1|	0.0	7.909755336640499e-05	0.0	0.0	0.0	0.0
gi|544012122|gb|ERK10884.1|	4.620097451949756e-05	3.1128761713939534e-05	5.7417704105337826e-05	0.0	2.9771228319700633e-05	2.9209420176840723e-05
gi|544707441|ref|WP_021137831.1|	0.0	0.0	0.0	0.0	2.4950775091349935e-05	0.0
gi|545156500|ref|WP_021511639.1|	0.0	0.0	3.15040344026245e-05	0.0	0.0	0.0
gi|545161961|ref|WP_021516817.1|	0.0	0.0	1.485686596513812e-05	2.887184204107099e-05	0.0	1.4807422609120546e-05
gi|545163983|ref|WP_021518728.1|	3.573279747738471e-05	0.0	0.0	0.0	0.0	0.0
gi|545166026|ref|WP_021520619.1|	2.9942769949144266e-05	0.0	0.0	2.630765709898235e-05	0.0	0.0
gi|545231255|ref|WP_021530875.1|	0.0	8.743580203753407e-06	0.0	0.0	0.0	0.0
gi|545235242|ref|WP_021534594.1|	0.0	2.570612579903502e-05	0.0	0.0	0.0	0.0
gi|545235907|ref|WP_021535235.1|	0.0	0.0	0.0	0.0	7.93993350831795e-06	0.0
gi|545239202|ref|WP_021538207.1|	0.0	0.0	7.5800336556827145e-06	0.0	0.0	0.0
gi|545240861|ref|WP_021539663.1|	1.626466713196563e-05	1.7312288803431747e-05	0.0	0.0	7.93993350831795e-06	0.0
gi|545241141|ref|WP_021539942.1|	0.0	0.0	0.0	4.5269669683313784e-05	0.0	0.0
gi|545245290|ref|WP_021543963.1|	8.571579977725713e-06	9.215841480190704e-06	0.0	1.536933229989048e-05	0.0	0.0
gi|545247348|ref|WP_021545804.1|	0.0	0.0	3.97224781598309e-05	0.0	4.160850066123652e-05	0.0
gi|545247756|ref|WP_021546185.1|	0.0	3.845298618778498e-05	7.500572717506801e-05	7.28731268072856e-05	3.968030185010605e-05	7.631352854884938e-05
gi|545249103|ref|WP_021547424.1|	2.03610835654181e-05	0.0	0.0	0.0	0.0	0.0
gi|545254099|ref|WP_021550525.1|	0.0	0.0	7.989449053751995e-06	0.0	0.0	0.0
gi|545262088|ref|WP_021555845.1|	0.0	0.0	0.0	2.9163476809162616e-05	0.0	7.557955290071945e-06
gi|545264457|ref|WP_021557437.1|	1.1381934068783322e-05	0.0	0.0	0.0	0.0	0.0
gi|545264458|ref|WP_021557438.1|	0.0	0.0	0.0	0.0	0.0	7.712199275583617e-06
gi|545266912|ref|WP_021557970.1|	0.0	0.0	0.0	4.5269669683313784e-05	0.0	0.0
gi|545269972|ref|WP_021560171.1|	0.0	1.7487160407506814e-05	0.0	0.0	0.0	7.712199275583617e-06
gi|545275563|ref|WP_021562888.1|	0.0	0.0	1.3274776889311007e-05	0.0	0.0	0.0
gi|545277544|ref|WP_021564791.1|	0.0	0.0	1.0396761735849727e-05	0.0	0.0	0.0
gi|545277545|ref|WP_021564792.1|	0.0	0.0	0.0	0.0	0.0	7.712199275583617e-06
gi|545286715|ref|WP_021569750.1|	0.0	0.0	0.0	0.0	0.0	7.557955290071945e-06
gi|545287298|ref|WP_021570298.1|	4.1764420580984165e-05	0.0	0.0	0.0	0.0	0.0
gi|545288391|ref|WP_021571368.1|	2.5247199207119375e-05	2.5516151647335285e-05	0.0	0.0	0.0	0.0
gi|545288529|ref|WP_021571502.1|	0.0	8.568708599678339e-06	2.9865332603389894e-05	1.4581738404581308e-05	7.93993350831795e-06	2.313659782675085e-05
gi|545292045|ref|WP_021573226.1|	0.0	0.0	0.0	5.1073473488866825e-05	0.0	0.0
gi|545292605|ref|WP_021573478.1|	7.969686894663158e-06	8.743580203753407e-06	2.2740100967048144e-05	1.4581738404581308e-05	1.58798670166359e-05	3.06945531168228e-05
gi|545298012|ref|WP_021578216.1|	3.2324692755344636e-05	1.1992680273730133e-05	0.0	1.7959442726822846e-05	2.2225305681070325e-05	1.0578039883440855e-05
gi|545298013|ref|WP_021578217.1|	0.0	0.0	0.0	1.4290103636489681e-05	0.0	0.0
gi|545299543|ref|WP_021579426.1|	0.0	0.0	0.0	2.8580207272979363e-05	0.0	0.0
gi|550713585|ref|WP_022646491.1|	0.0	0.0	0.0	0.0	0.0	0.0001353185144272962
gi|552325898|gb|ERV85344.1|	0.0	6.5052998683699105e-06	0.0	0.0	0.0	0.0
gi|553764341|ref|WP_023096686.1|	0.0	0.0	0.0	0.0	5.004251501372445e-06	1.9839668946228286e-05
gi|553776040|ref|WP_023107863.1|	0.0	0.0	0.0	0.0	4.471484318423583e-06	0.0
gi|553795210|ref|WP_023125876.1|	5.2301165965784004e-06	0.0	4.874918066696132e-06	0.0	0.0	0.0
gi|553929620|ref|WP_023140654.1|	0.0	1.4270431316442832e-05	0.0	0.0	0.0	0.0
gi|553941003|ref|WP_023147955.1|	2.5247199207119375e-05	0.0	4.7065118062102674e-05	0.0	0.0	2.3942873205561866e-05
gi|554677034|ref|WP_023178066.1|	0.0	0.0	2.026286883299919e-05	0.0	0.0	0.0
gi|554685678|ref|WP_023185565.1|	0.0	0.0	0.0	0.0	8.20141218280484e-06	0.0
gi|555222058|ref|WP_023214681.1|	0.0	0.0	0.0	6.537851639165667e-05	0.0	0.0
gi|555241931|ref|WP_023226456.1|	1.086963566647018e-05	0.0	1.0131434416499596e-05	0.0	0.0	1.0308086311592192e-05
gi|555267110|ref|WP_023248571.1|	0.0	0.0	0.0	0.0	1.1044754758006436e-05	0.0
gi|556290479|ref|WP_023291164.1|	2.1231042422048646e-05	1.7293046175184104e-05	9.794632677788932e-06	0.0	2.5858585381983516e-05	5.084393923961014e-06
gi|556464170|ref|WP_023315960.1|	0.0	0.0002568544206091861	0.0	0.0	0.0001737684329765576	0.0002763985878870024
gi|556506918|ref|WP_023351917.1|	0.0	0.0	0.0	0.0	0.0	1.0684446460899818e-05
gi|581978871|ref|WP_024130958.1|	0.0	0.0	0.0	0.0	0.0	1.0816082351588522e-05
gi|585280414|ref|WP_024173233.1|	1.3957169612961375e-05	1.5006225573282834e-05	0.0	2.5026002009544746e-05	0.0	0.0
gi|585287940|ref|WP_024176395.1|	0.0	0.0	0.0	0.0	1.0999948450671724e-05	0.0
gi|585316990|ref|WP_024198656.1|	0.0	0.0	4.11975834495859e-05	0.0	0.0	0.0
gi|585328100|ref|WP_024209766.1|	0.0	0.0	8.23951668991718e-05	0.0	0.0	0.0
gi|585333963|ref|WP_024215613.1|	1.0285895973270855e-05	0.0	0.0	0.0	0.0	0.0
gi|585356222|ref|WP_024237824.1|	0.0	0.0	2.0792662705732172e-05	0.0	2.1779897932330012e-05	0.0
gi|585366301|ref|WP_024247885.1|	0.0	0.0	0.0	0.0	3.9660560406399525e-05	3.930919481510157e-05
gi|585367767|ref|WP_024249346.1|	0.0	1.53124750747784e-05	5.2568116481671594e-05	0.0	0.0	0.0
gi|585368561|ref|WP_024250139.1|	0.0	0.0	0.0	0.0	1.4617182172995036e-05	0.0
gi|585368804|ref|WP_024250382.1|	0.0	0.0	0.0	6.407094606382354e-05	3.417541971160118e-05	0.0
gi|585375643|ref|WP_024257193.1|	0.0	0.0	0.0	0.0	0.0	1.5049806014924601e-05
gi|590120227|emb|CDN64284.1|	0.0	0.0	0.0	9.50317493352007e-06	0.0	0.0
gi|597810610|gb|AHN25441.1|	4.3966098883110256e-05	0.0	0.0	0.0	4.292592020723873e-05	0.0
gi|610425508|gb|AHW74384.1|	8.208449003299896e-05	0.0	0.0	0.0	0.0	3.892191210756363e-05
gi|633880440|emb|CDP67560.1|	4.4555490850070824e-05	1.3918168401302646e-05	2.8060503993665543e-05	2.699004696566133e-05	0.0	1.3989386078913654e-05
gi|637008561|ref|WP_024410015.1|	0.0	0.0	0.0	0.0	3.936677847746323e-05	0.0
gi|638931161|ref|WP_024439378.1|	0.0	6.444458934349184e-05	0.0	0.0	0.0	0.0
gi|639148059|ref|WP_024490169.1|	2.6572467471147565e-05	0.0	2.5283819238013296e-05	0.0	0.0	2.5199675187780727e-05
gi|639209604|ref|WP_024547784.1|	8.400148378171199e-06	0.0	6.391559243001596e-06	0.0	7.699284906306584e-06	0.0
gi|639218559|ref|WP_024556062.1|	0.0	0.0	7.829660072676956e-06	0.0	0.0	0.0
gi|639225329|ref|WP_024561799.1|	1.6800296756342398e-05	0.0	0.0	0.0	0.0	0.0
gi|639494054|ref|WP_024665043.1|	0.0	5.617935351988313e-06	0.0	0.0	0.0	0.0
gi|639824866|ref|WP_024748482.1|	0.0	0.0	0.0	0.0	1.3905063041490151e-05	0.0
gi|643601187|ref|WP_025237288.1|	0.0	0.0	0.0	0.0	2.460423654841452e-05	0.0
gi|643605601|ref|WP_025238134.1|	0.0	5.643614246461239e-06	0.0	1.9207960135639404e-05	0.0	0.0
gi|643606583|ref|WP_025238316.1|	0.0	0.0	0.0	0.0	0.0	1.0470757531681823e-05
gi|643944361|ref|WP_025269906.1|	0.0	4.65710448826019e-05	0.0	0.0	4.3153643921865995e-05	0.0
gi|644964905|ref|WP_025385660.1|	5.154636504786872e-06	0.0	4.804564135506314e-06	0.0	5.032684748539333e-06	4.988098584492055e-06
gi|647321278|ref|WP_025758514.1|	1.1289398019443621e-05	0.0	0.0	0.0	0.0	0.0
gi|650091297|gb|KDU12832.1|	1.5476611278667602e-05	1.848874699431448e-05	3.1415602025353976e-05	4.563406950119804e-05	3.3578790007313686e-05	1.6307839335057618e-05
gi|652967258|ref|WP_027220230.1|	0.0	0.0	4.411843240951885e-05	0.0	0.0	0.0
gi|654549100|ref|WP_028016802.1|	0.0	0.0	0.0	0.0	0.0	1.2425737273860824e-05
gi|654665842|ref|WP_028126119.1|	3.573279747738471e-05	0.0	0.0	0.0	0.0	0.0
gi|654673714|ref|WP_028132670.1|	8.839868157399888e-05	0.0	0.00012194484701077423	7.766690278824231e-05	0.0	0.0
gi|654923461|ref|WP_028373991.1|	5.091951495841849e-06	0.0	1.4432128812682184e-05	1.8632979102580042e-05	1.521882484428763e-05	0.0
gi|654933144|ref|WP_028383500.1|	0.0	0.0	0.0	0.0	1.0203150679550628e-05	0.0
gi|654934447|ref|WP_028384763.1|	2.392657647936236e-05	0.0	0.0	0.0	0.0	0.0
gi|655279967|ref|WP_028689378.1|	0.0	0.0	8.995259580518961e-06	0.0	0.0	4.87448863372912e-06
gi|655997348|ref|WP_029038923.1|	0.0	0.0	0.0	0.0	0.0	6.187400927310577e-06
gi|657888313|ref|WP_029592374.1|	0.0	0.0	0.0	0.0	0.0	7.803603118849792e-06
gi|662754041|ref|WP_030125200.1|	0.0	2.980964365639057e-05	0.0	3.778247306680565e-05	2.0573015069040008e-05	0.0
gi|663330365|ref|WP_030329892.1|	0.0	0.0	0.0	8.860027608529946e-05	0.0	0.0
gi|663350985|ref|WP_030349761.1|	0.0	5.61141011549465e-05	0.0	0.0	0.0	0.0
gi|664042835|ref|WP_030582300.1|	2.7587999133607265e-05	0.0	0.0	0.0	0.0	0.0
gi|664244930|ref|WP_030776974.1|	0.0	0.0	0.0	4.275385110191166e-05	2.706975666978948e-05	0.0
gi|664352659|ref|WP_030880307.1|	2.7725709611811622e-05	0.0	2.5842743694665357e-05	0.0	0.0	0.0
gi|664556405|ref|WP_031071225.1|	0.0	0.0	4.9019649543087e-05	0.0	2.3781815460993793e-05	0.0
gi|664579989|ref|WP_031094015.1|	0.0	0.0	0.0	4.971378035106006e-05	0.0	2.6293338295625342e-05
gi|671541568|ref|WP_031525212.1|	0.0	0.0	6.391559243001596e-06	3.073866459978096e-05	2.2595727442421495e-05	4.6333893518170645e-05
gi|672386269|gb|AIJ27535.1|	0.0	0.0	0.0	0.0	2.4950775091349935e-05	0.0
gi|672842658|gb|KFH86722.1|	0.0	4.369657521339203e-05	3.788168039144849e-05	0.0	0.0	7.554268482613372e-05
gi|685895165|ref|WP_031636098.1|	0.0	0.0	0.0	0.0	0.0	4.860718891825931e-06
gi|689832880|dbj|GAL55001.1|	0.0	9.355402526104822e-05	4.0552190497373065e-05	0.0003058007556257687	0.00012743282317396982	8.169333343349412e-05
gi|691004724|ref|WP_031970694.1|	0.00011944911452830671	0.0	0.0	0.00010708954118633368	0.0	0.0
gi|691008712|ref|WP_031973162.1|	0.0	6.292933304925059e-05	0.0	0.0	0.0	0.0
gi|691009446|ref|WP_031973547.1|	0.0	0.0	0.0	0.00010708954118633368	0.0	0.00011327810978975507
gi|691058615|ref|WP_032002719.1|	0.00023770373791133034	0.0	0.0	0.0	0.0	5.550627379697998e-05
gi|691109315|ref|WP_032031655.1|	0.0	6.292933304925059e-05	0.0	0.0	0.0	0.0
gi|692126801|ref|WP_032082759.1|	0.0	0.0	0.0	1.945181119204889e-05	0.0	0.0
gi|692960352|ref|WP_032153701.1|	0.0	0.0	0.0	0.0	0.0	3.9604752670854214e-05
gi|692980155|ref|WP_032170292.1|	0.0	0.0	0.0	0.0	0.0	7.712199275583617e-06
gi|692982586|ref|WP_032172458.1|	0.0	0.0	0.0	9.603980067819702e-06	0.0	0.0
gi|692987530|ref|WP_032176461.1|	2.5247199207119375e-05	0.0	0.0	0.0	0.0	0.0
gi|692987896|ref|WP_032176796.1|	2.253622945619098e-05	0.0	0.0	0.0	2.1114040397016805e-05	1.9644931212104447e-05
gi|692988893|ref|WP_032177673.1|	0.0	4.581993820330111e-05	0.0	0.0	0.0	0.0
gi|692991107|ref|WP_032179343.1|	0.0	0.0	1.0396761735849727e-05	0.0	0.0	0.0
gi|692998250|ref|WP_032184969.1|	0.0	0.0	0.0	0.0	3.1775241715905226e-05	0.0
gi|693018597|ref|WP_032197292.1|	0.0	0.0	3.8928028596634274e-05	0.0	0.0	0.0
gi|693024424|ref|WP_032201428.1|	0.0	0.0	0.0	4.5269669683313784e-05	2.4649884482641635e-05	0.0
gi|693025622|ref|WP_032202292.1|	0.0	0.0	0.0	0.0	2.1780799567448917e-05	0.0
gi|693033563|ref|WP_032208626.1|	5.35620426766274e-06	0.0	4.99244261025197e-06	0.0	0.0	0.0
gi|693052542|ref|WP_032221381.1|	5.35620426766274e-06	0.0	0.0	0.0	0.0	0.0
gi|693055084|ref|WP_032223202.1|	4.2616755694881807e-05	0.0	0.0	0.0001497719813358944	0.0	4.041508009122975e-05
gi|693056672|ref|WP_032224529.1|	0.0	0.0	0.0	0.0	2.4156886792988804e-05	0.0
gi|693057297|ref|WP_032225054.1|	8.400148378171199e-06	0.0	0.0	0.0	0.0	0.0
gi|693058717|ref|WP_032226301.1|	0.0	0.0	0.0	6.0604425945207095e-05	0.0	0.0
gi|693065682|ref|WP_032231403.1|	1.0848405909309105e-05	0.0	0.0	0.0	0.0	0.0
gi|693073900|ref|WP_032237193.1|	0.0	0.0	0.0	0.0	0.0	1.3236111443895226e-05
gi|693075113|ref|WP_032238204.1|	3.646203824222929e-05	0.0	6.797150529756622e-05	6.537851639165667e-05	3.55993955329179e-05	0.0
gi|693076172|ref|WP_032239077.1|	0.0	0.0	0.0	0.0	0.0	2.1587836496818073e-05
gi|693076173|ref|WP_032239078.1|	0.0	0.0	0.0	2.8580207272979363e-05	0.0	0.0
gi|693087941|ref|WP_032247765.1|	0.0	0.0	1.0608940546785436e-05	0.0	1.1112652840535163e-05	0.0
gi|693090341|ref|WP_032249281.1|	8.523351138976361e-05	0.0	3.97224781598309e-05	0.0	0.00012482550198370958	0.0
gi|693095297|ref|WP_032252297.1|	0.0	0.0	1.3954617215178686e-05	0.0	0.0	0.0
gi|693095311|ref|WP_032252308.1|	0.0	0.0	0.0	0.0001456737430406336	0.0	0.0
gi|693100241|ref|WP_032255739.1|	0.0	0.0	7.276832309455405e-06	0.0	0.0	0.0
gi|693100882|ref|WP_032256232.1|	0.0	0.0	3.2387939064537e-05	0.0	0.0	6.740315964030212e-05
gi|693109128|ref|WP_032261806.1|	0.0	0.0	3.97224781598309e-05	0.0	4.160850066123652e-05	0.0
gi|693109437|ref|WP_032262032.1|	0.0001004838528443351	2.7144842178016262e-05	9.365958494358431e-05	0.0	0.0	0.0
gi|693114610|ref|WP_032265527.1|	0.0	5.643614246461239e-06	4.99244261025197e-06	0.0	0.0	0.0
gi|693120879|ref|WP_032269897.1|	0.0	0.0	0.0	9.411900466463308e-06	0.0	0.0
gi|693136529|ref|WP_032279295.1|	0.0	2.6230740611260224e-05	7.5800336556827145e-06	0.0	0.0	0.0
gi|693137385|ref|WP_032279889.1|	0.0	0.0	7.989449053751995e-06	0.0	0.0	0.0
gi|693139602|ref|WP_032281254.1|	0.0	0.0	0.0	0.0	2.021290527576614e-05	0.0
gi|693139934|ref|WP_032281480.1|	0.0	0.0	2.6549553778622015e-05	0.0	0.0	0.0
gi|693152976|ref|WP_032289982.1|	0.0	0.0	0.0	0.0	3.968030185010605e-05	0.0
gi|693157279|ref|WP_032293355.1|	0.0	0.0	9.98488522050394e-06	0.0	0.0	0.0
gi|693158997|ref|WP_032294834.1|	0.0	0.0	0.0	7.141566427113989e-05	0.0	0.0
gi|693161604|ref|WP_032296651.1|	0.00012785026708464543	0.0	0.0	0.0	4.160850066123652e-05	0.0
gi|693163832|ref|WP_032298198.1|	0.0	0.0	1.0608940546785436e-05	0.0	1.1112652840535163e-05	1.0578039883440855e-05
gi|693165834|ref|WP_032299413.1|	0.0	0.0	0.0	0.0	0.0	1.0578039883440855e-05
gi|693170425|ref|WP_032302786.1|	0.0	0.0	1.3675524870875114e-05	0.0	0.0	1.3913971598703877e-05
gi|693170426|ref|WP_032302787.1|	0.0	9.215841480190704e-06	0.0	0.0	0.0	0.0
gi|693171092|ref|WP_032303433.1|	2.5247199207119375e-05	0.0	0.0	0.0	0.0	0.0
gi|693185028|ref|WP_032310966.1|	1.1266498631980248e-05	0.0	0.0	0.0	0.0	0.0
gi|693192921|ref|WP_032315848.1|	0.0	1.166379937336636e-05	0.0	0.0	0.0	0.0
gi|693242080|ref|WP_032349961.1|	0.0	4.369657521339203e-05	0.0	0.0	0.0	0.0
gi|694065628|ref|WP_032412110.1|	0.0	0.0	0.0	0.0	0.0	2.065659649107298e-05
gi|694076105|ref|WP_032421853.1|	2.1123814935068606e-05	0.0	0.0	2.8839750956551252e-05	2.6067966640137237e-05	4.982706045481794e-06
gi|695268617|ref|WP_032490794.1|	5.9724557264153353e-05	0.0	0.0	0.0	0.0	0.0
gi|695269393|ref|WP_032491570.1|	0.0	6.421360515229652e-05	0.0	0.0	0.0	0.0
gi|695726525|ref|WP_032653128.1|	0.0	0.0	0.0	0.0	0.0	8.153919667528809e-06
gi|695758049|ref|WP_032681265.1|	0.0	0.0	0.0	0.0	8.093991919673372e-05	0.0
gi|695793471|ref|WP_032707680.1|	8.571579977725713e-06	0.0	0.0	0.0	0.0	0.0
gi|695865802|ref|WP_032778631.1|	0.0	0.0	0.0	0.0	2.3126073441896518e-05	0.0
gi|696369048|ref|WP_032944060.1|	2.5247199207119375e-05	0.0	0.0	0.0	0.0	0.0
gi|696420214|ref|WP_032990021.1|	0.0	2.7690256317605457e-05	0.0	0.0	0.0	0.0
gi|717495702|gb|AIW80307.1|	0.0	0.0	0.0	7.546500605970968e-05	0.0	0.0
gi|723045457|ref|WP_033545686.1|	0.0	0.0	0.0	0.0	0.0	4.692803148290126e-05
gi|723111645|ref|WP_033557217.1|	8.571579977725713e-06	0.0	0.0	0.0	0.0	0.0
gi|727370340|ref|WP_033802462.1|	0.0	0.0	0.0	0.0	0.0	1.0578039883440855e-05
gi|727736205|ref|WP_033855468.1|	0.0	1.4709027781191077e-05	0.0	0.0	0.0	0.0
gi|727763004|ref|WP_033868126.1|	0.0	0.0	0.0	1.9207960135639404e-05	0.0	0.0
gi|727765868|ref|WP_033870271.1|	4.2616755694881807e-05	4.490353943923508e-05	0.0	0.0	4.077633064801179e-05	3.960677848940515e-05
gi|728954031|gb|KHG43314.1|	0.0	0.00010121805557904368	0.0	0.0	0.0	0.0
gi|730301854|ref|WP_033978234.1|	9.832619201567394e-06	0.0	0.0	0.0	0.0	0.0
gi|730340963|ref|WP_033991003.1|	0.0	0.0	0.0	0.0	0.0	3.7695370997833747e-06
gi|730540353|ref|WP_034040953.1|	0.0	0.0	4.777419705362211e-06	0.0	0.0	0.0
gi|730661043|ref|WP_034065992.1|	0.0	4.434553425121468e-05	0.0	0.0	0.0	0.0
gi|730673470|ref|WP_034068088.1|	0.0	0.0	9.457341049390497e-06	0.0	1.0008503002744887e-05	0.0
gi|734955114|ref|WP_034153081.1|	0.0	5.579054312278652e-06	0.0	0.0	0.0	0.0
gi|735686444|ref|WP_034174061.1|	0.0	0.0	0.0	0.0	0.0	1.3981455587939213e-05
gi|736439011|ref|WP_034461021.1|	0.0	2.4031651022791056e-05	1.0416826935274234e-05	0.0	0.0	0.0
gi|740410309|ref|WP_038243756.1|	2.959707189466925e-05	7.859950571687763e-05	1.3517636928316166e-05	2.653461988542371e-05	2.860787659139972e-05	1.4034010937540703e-05
gi|740519890|ref|WP_038348201.1|	4.419934078699944e-05	4.7521474370001946e-05	0.0001235927503487577	0.00023617078602955322	4.3153643921865995e-05	0.0
gi|740572414|ref|WP_038358219.1|	0.0	0.0	1.4509875291977124e-05	0.0	0.0	0.0
gi|740796309|ref|WP_038581593.1|	0.0	5.698344732026314e-06	0.0	0.0	0.0	0.0
gi|740848669|ref|WP_038633922.1|	0.0	0.0	0.0	5.97559639819742e-05	0.0	0.0
gi|742286984|ref|WP_038808353.1|	0.0	0.0	0.0	0.0	1.053004774015759e-05	0.0
gi|742827468|ref|WP_038984467.1|	4.127096340978027e-05	0.0	0.0	0.0	0.0	0.0
gi|742880942|ref|WP_039009457.1|	0.0	0.0	0.0	9.476048839513827e-06	5.056627111757884e-06	1.0023657669312293e-05
gi|742917254|ref|WP_039022713.1|	1.4065364726240146e-05	0.0	0.0	0.0	0.0	1.333871695896418e-05
gi|746618920|ref|WP_039644692.1|	0.0	8.825416668714647e-05	0.0	0.0	0.0	0.0
gi|748767925|ref|WP_040019608.1|	0.0	0.0	2.0442730252977498e-05	0.0	2.2457904385790356e-05	0.0
gi|749017716|ref|WP_040076354.1|	0.0	0.0	0.0	0.0	8.394697501828422e-06	1.5981682548356462e-05
gi|751651551|ref|WP_041118420.1|	0.0	2.2556620506755724e-05	0.0	8.840196119461086e-06	6.964348854774672e-06	4.973967993601143e-06
gi|752536579|ref|WP_041208093.1|	0.0	0.0	0.0	0.0	0.000168651670376524	0.0
gi|754616285|ref|WP_042005109.1|	0.0	0.0	0.0	0.0	8.155266129602358e-05	0.0
gi|754650824|ref|WP_042034967.1|	0.0	0.0	0.0	7.48859906679472e-05	0.0	0.0
gi|754653900|ref|WP_042037551.1|	0.0	0.0	0.0	2.903593973856861e-05	0.0	1.535694491318837e-05
gi|754690819|ref|WP_042068768.1|	0.0	0.0	0.0	2.903593973856861e-05	0.0	0.0
gi|754720184|ref|WP_042093261.1|	0.0	8.980707887847016e-05	0.0	7.48859906679472e-05	0.0	0.0
gi|754931714|ref|WP_042288532.1|	0.0	1.166379937336636e-05	1.0111646458654869e-05	0.0	0.0	0.0
gi|754970141|ref|WP_042326041.1|	0.0	0.0	0.0	0.0	0.0	1.3506236167240025e-05
gi|756166813|ref|WP_042615010.1|	0.0	0.0	0.0	0.0	1.5213306568103636e-05	0.0
gi|757686578|ref|WP_042917070.1|	5.13597449783999e-05	6.0843297853625146e-05	9.55483941072442e-06	9.377897674509445e-06	4.554890142065531e-05	4.3448874992239947e-05
gi|757781454|ref|WP_043000038.1|	4.9484510445953974e-05	5.4289684356032524e-05	0.0	0.0	4.8806771275630446e-05	4.788574641112373e-05
gi|757799830|ref|WP_043017032.1|	2.5247199207119375e-05	0.0	0.0	0.0	0.0	0.0
gi|759528585|ref|WP_043248665.1|	0.0	0.0	0.0	0.0	1.543501840192918e-05	0.0
gi|763189942|ref|WP_044067173.1|	0.0	3.001245114656567e-05	2.6549553778622015e-05	0.0	0.0	0.0
gi|763399392|ref|WP_044256358.1|	0.0	0.0	0.0	0.0	8.368787941637591e-06	0.0
gi|764403570|ref|WP_044352035.1|	0.0	0.0	0.0	0.0	6.003292899831542e-05	0.0
gi|764440891|ref|WP_044366757.1|	0.0	0.0	0.0	0.0	0.0	1.5838292434840923e-05
gi|764528042|ref|WP_044407471.1|	0.0	5.510760803747934e-06	0.0	0.0	0.0	4.9599172365570715e-06
gi|765410328|ref|WP_044688844.1|	0.0	0.0	0.0	0.0	0.0	1.2965986720550426e-05
gi|766961649|ref|WP_044860626.1|	7.902996739463107e-05	5.10557618002565e-05	3.9308089344459826e-05	1.5061945653892673e-05	4.770209126733428e-05	2.3735959486501453e-05
gi|766974895|ref|WP_044866836.1|	0.0	0.0	0.0	7.766690278824231e-05	0.0	0.0
gi|769989475|ref|WP_045105425.1|	0.0	0.0	0.0	1.827741719798212e-05	0.0	0.0
gi|779866095|ref|WP_045354445.1|	1.685231005899361e-05	9.24437349715724e-06	0.0	0.0	0.0	0.0
gi|779903733|ref|WP_045374054.1|	3.857210989976571e-05	0.0	0.0	0.0	0.0	7.966178183825831e-06
gi|779946719|ref|WP_045395214.1|	0.0	0.0	0.0	0.0	0.0	1.0287953330514863e-05
gi|780033092|ref|WP_045444768.1|	0.0	0.0	0.0	0.0	8.034036423972087e-06	8.128753248801866e-06
gi|780147796|ref|WP_045491627.1|	1.045039289852542e-05	0.0	0.0	8.994312546675326e-06	2.030426985230575e-05	9.613187473314961e-06
gi|797196724|ref|WP_045857721.1|	2.169681181861821e-05	0.0	2.0223292917309738e-05	1.945181119204889e-05	0.0	2.0164388527809133e-05
gi|798832510|ref|WP_045890489.1|	8.598117377037558e-06	0.0	0.0	0.0	2.4680410655375554e-05	0.0
gi|798872593|ref|WP_045897770.1|	0.0	0.0	6.571631035915882e-06	0.0	0.0	0.0
gi|803453816|ref|WP_046068030.1|	1.542010240525478e-05	0.0	4.790953472232926e-06	0.0	1.9254376245553504e-05	0.0
gi|803568669|ref|WP_046077412.1|	0.0	0.0	0.0	2.9816504661787532e-05	0.0	0.0
gi|804348366|emb|CQW48663.1|	0.00010782039190805096	0.0	0.00010151299974179007	9.764046402283366e-05	0.00015630926748404518	5.1641491227682455e-05
gi|808041102|ref|WP_046203752.1|	0.0	6.330599235862449e-05	0.0	0.0	0.0	0.0
gi|808074169|ref|WP_046235276.1|	0.0	1.6179653813726343e-05	0.0	0.0	0.0	0.0
gi|810369244|ref|WP_046334012.1|	2.575448450803522e-05	0.0	0.0	1.5393087063877947e-05	0.0	0.0
gi|81246703|gb|ABB67411.1|	0.0	0.0	0.0	0.0	1.0736394130217244e-05	1.0641276980249717e-05
gi|817122037|ref|WP_046494699.1|	5.2734932895262065e-05	5.319149171979304e-05	4.357938174885722e-05	4.484134328174246e-05	4.6179326818704165e-05	7.527358114479416e-05
gi|817600173|ref|WP_046594139.1|	1.071240853532548e-05	0.0	9.8850363682989e-06	0.0	1.035437770553394e-05	1.0158981880855564e-05
gi|817601660|ref|WP_046595348.1|	5.141956096956232e-06	5.643614246461239e-06	2.4562817642439696e-05	1.8823800932926616e-05	0.0	9.854212424429898e-06
gi|817602846|ref|WP_046596462.1|	0.0	0.0	7.829660072676956e-06	0.0	0.0	0.0
gi|817604860|ref|WP_046598079.1|	1.5747240546928456e-05	5.758790047409428e-06	1.497732783075591e-05	1.9207960135639404e-05	1.0458967379327211e-05	4.266772389959337e-06
gi|817679700|ref|WP_046644376.1|	4.419934078699944e-05	0.0	0.0	0.0	0.0	0.0
gi|822029104|ref|WP_046888658.1|	1.1289398019443621e-05	0.0	1.0522688997624579e-05	0.0	0.0	0.0
gi|823291602|ref|WP_047047573.1|	8.571579977725713e-06	8.294257332171634e-06	7.829660072676956e-06	0.0	0.0	7.966178183825831e-06
gi|823638391|ref|WP_047085413.1|	6.477415540018965e-05	0.0	0.0	0.0	0.0	1.535694491318837e-05
gi|829058483|ref|WP_047292171.1|	0.0	0.0	0.0	0.0	0.0	4.920956590199369e-06
gi|835233765|ref|WP_047410073.1|	0.0	0.0	1.597889810750399e-05	0.0	0.0	2.4223684681429566e-05
gi|835654404|ref|WP_047601948.1|	0.0	0.0	4.037363178059417e-05	0.0	0.0	0.0
gi|835659055|ref|WP_047603455.1|	0.0	0.0	4.186385164553606e-05	0.0	1.4617182172995036e-05	0.0
gi|835690637|ref|WP_047617978.1|	0.0	0.0	0.0	7.432333828603756e-05	0.0	0.0
gi|835745598|ref|WP_047645047.1|	0.0	0.0	0.0	0.0	0.0	4.191590534660698e-05
gi|835750307|ref|WP_047648643.1|	0.0	0.0	0.0	1.6161180252055225e-05	0.0	1.0684446460899818e-05
gi|836563560|ref|WP_047722176.1|	0.0	0.0	0.0	0.0	0.0	3.9904788675936444e-05
gi|846280845|gb|AKN19377.1|	0.0	7.806359842043892e-05	0.0	6.50936426818891e-05	6.734412884800133e-05	0.0
gi|847056821|ref|WP_047959478.1|	0.0	0.0	1.0312235217672089e-05	0.0	0.0	0.0
gi|851928593|ref|WP_048220996.1|	0.0	5.320389066891187e-05	2.306190785043031e-05	8.872855257929503e-05	2.4156886792988804e-05	4.692803148290126e-05
gi|851935911|ref|WP_048224705.1|	0.0	2.6601945334455936e-05	0.0	0.0	0.0	4.7406888947012504e-05
gi|852273548|ref|WP_048328542.1|	1.0118244744559826e-05	5.027131078720634e-05	4.9637229020434256e-06	4.678878611563975e-05	5.19940037025998e-06	9.999535540117688e-06
gi|852275723|ref|WP_048329135.1|	1.4727532870819633e-05	5.428968435603253e-06	1.3237064454966376e-05	9.431181184023703e-06	5.032684748539333e-06	1.905453659275965e-05
gi|895808656|emb|COR83787.1|	0.0	0.0	0.0	0.0	0.0	3.8866489320096544e-05
gi|895859667|ref|WP_048970095.1|	0.0	0.0	0.0	7.945986225815077e-05	4.297451558860541e-05	7.07056924097401e-05
gi|895910528|ref|WP_049009761.1|	2.9942769949144266e-05	0.0	2.7909234430357373e-05	5.26153141979647e-05	2.8942020702530177e-05	0.0
gi|895964662|ref|WP_049044610.1|	0.0	0.0	0.0	0.0	0.0	8.128753248801866e-06
gi|895967513|ref|WP_049046752.1|	2.3143265939859424e-05	0.0	0.0	3.0431277953783153e-05	2.460423654841452e-05	2.2597934031669192e-05
gi|895981299|ref|WP_049056431.1|	0.0	0.0	0.0	0.0	8.368787941637591e-06	0.0
gi|896190680|ref|WP_049199932.1|	6.896117751457935e-05	7.859950571687763e-05	1.3793507069710375e-05	7.854247486085419e-05	5.519297402987219e-05	1.178856918753419e-05
gi|903572323|emb|CSR65384.1|	0.0	0.0	3.0168533949617204e-05	1.4290103636489681e-05	0.0	1.5424398551167234e-05
gi|903599518|emb|CSG56379.1|	1.6697227451088762e-05	1.831860515080852e-05	0.0	0.0	0.0	1.5834611850058704e-05
gi|909634014|ref|WP_049883167.1|	0.0	0.0	0.0	0.0	0.0	1.4259899069389884e-05
gi|910140813|ref|WP_050008485.1|	0.0	0.0	0.0	1.5061945653892673e-05	0.0	0.0
gi|91073621|gb|ABE08502.1|	1.0569507085543567e-05	0.0	0.0	0.0	0.0	0.0
gi|912582490|ref|WP_050191227.1|	0.0	1.166379937336636e-05	0.0	0.0	0.0	0.0
gi|916992013|ref|WP_051598725.1|	0.0	0.0	0.0	0.0	2.001700600548978e-05	0.0
gi|917166849|ref|WP_051773561.1|	0.0	2.8896122318533438e-05	0.0	0.0	0.0	0.0
gi|917229923|ref|WP_051836635.1|	2.687605076886901e-05	0.0	0.0	0.0	0.0	0.0
gi|919594850|ref|WP_052892342.1|	1.7143159955451426e-05	0.0	0.0	0.0	0.0	7.966178183825831e-06
gi|919965280|ref|WP_052922694.1|	0.0	0.0	2.972824058844532e-05	0.0	0.0	0.0
gi|919973700|ref|WP_052924616.1|	5.9724557264153353e-05	0.0	0.0	0.0	0.0	4.417846281800447e-05
gi|919997430|ref|WP_052930349.1|	0.0	0.0	0.0	7.925194162065543e-05	0.0	0.0
gi|920261839|ref|WP_052973340.1|	0.0	0.0	1.0501344800874835e-05	0.0	0.0	0.0
gi|920365999|ref|WP_052982445.1|	0.0	1.1430523385899034e-05	0.0	1.945181119204889e-05	0.0	1.0287953330514863e-05
gi|920448128|ref|WP_052989234.1|	0.0	0.0	0.0	0.0	2.1999896901343448e-05	1.0684446460899818e-05
gi|920472198|ref|WP_052991689.1|	0.0	1.1430523385899034e-05	0.0	0.0	0.0	0.0
gi|920477870|ref|WP_052992011.1|	0.0	0.0	0.0	0.0	1.0999948450671724e-05	0.0
gi|922960663|ref|WP_053388845.1|	0.0	0.0	0.0	0.0	0.0	7.966178183825831e-06
gi|924348018|ref|WP_053483923.1|	6.773638811666174e-05	0.0	0.0	0.0	0.0	0.0
gi|926351744|ref|WP_053683383.1|	0.0	0.0	0.0	0.0	0.0	2.292308416162127e-05
gi|928811857|ref|WP_053876925.1|	0.0	0.0	0.0	0.0	0.0	3.930919481510157e-05
gi|928815727|ref|WP_053878783.1|	0.0	0.0	0.0	0.0	0.0	1.3268090945147633e-05
gi|928824385|ref|WP_053884538.1|	0.0	0.0	0.0	0.0	7.777339162620785e-05	0.0
gi|928831144|ref|WP_053888514.1|	0.0	0.0	0.0	0.0	0.0	1.6257506497603733e-05
gi|928831193|ref|WP_053888540.1|	0.0	0.0	0.0	2.5536736744433412e-05	0.0	0.0
gi|928844228|ref|WP_053895302.1|	0.0	0.0	0.0	0.0	0.0	1.2965986720550426e-05
gi|928854569|ref|WP_053901360.1|	1.3957169612961375e-05	1.53124750747784e-05	1.3274776889311007e-05	2.5026002009544746e-05	0.0	2.701247233448005e-05
gi|928884686|ref|WP_053919771.1|	1.399089124827774e-05	0.0	1.3040712813177062e-05	0.0	0.0	0.0
gi|929023108|ref|WP_054046871.1|	0.0	0.0	1.4509875291977124e-05	0.0	5.1696611879706e-06	1.0042768551427284e-05
gi|929538748|ref|WP_054078943.1|	1.5466581489817625e-05	1.6853806055964938e-05	1.4610996199900167e-05	0.0	1.0203150679550628e-05	0.0
gi|929544294|ref|WP_054083186.1|	0.0	0.0	0.0	0.0	1.408034793777987e-05	9.51408244781687e-06
gi|929551065|ref|WP_054089584.1|	0.0	0.0	0.0	0.0	0.0	4.955251274904618e-06
gi|930176934|ref|WP_054177682.1|	0.0	0.0	0.0	0.0	0.0	9.87643519729427e-06
gi|930178119|ref|WP_054178867.1|	0.0	0.0	1.0060883537162028e-05	0.0	0.0	0.0
gi|930430030|ref|WP_054192373.1|	0.0	0.0	0.0	0.0	0.0	3.9708334331685675e-05
gi|930482089|ref|WP_054228897.1|	0.0	0.0	0.0	0.0	2.7160139830623504e-05	0.0
gi|935475754|ref|WP_054411816.1|	0.0	0.0	1.0501344800874835e-05	0.0	0.0	0.0
gi|938232076|ref|WP_054615922.1|	5.29493215020616e-06	0.0	4.836625097325708e-06	0.0	0.0	0.0
gi|938458676|ref|WP_054623545.1|	4.331535397125944e-05	0.0	0.0	0.0	0.0	0.0
gi|938782788|ref|WP_054658106.1|	0.0	5.7037872771380865e-06	0.0	0.0	0.0	0.0
gi|938857589|ref|WP_054662856.1|	0.0	0.0	9.682480395218832e-06	0.0	0.0	0.0
gi|940169821|gb|KPX83830.1|	0.0	5.300805819087594e-06	1.3786213052751888e-05	0.0	9.627188122776752e-06	0.0
gi|943909899|ref|WP_055545300.1|	0.0	0.0	3.101129243359843e-05	0.0	0.0	0.0
gi|943938624|ref|WP_055567802.1|	5.535930723155743e-05	0.0	5.1599631097986314e-05	0.0	2.7024790296583852e-05	2.4149688721623198e-05
gi|944009777|ref|WP_055601444.1|	0.0	2.8528018849507535e-05	0.0	0.0	5.181185910364165e-05	0.0
gi|944470764|ref|WP_055701183.1|	0.0	0.0	0.0	0.0	0.0	2.6293338295625342e-05
gi|946849325|ref|WP_055772372.1|	0.0	0.0	9.880082035937583e-06	0.0	5.174594070783549e-06	1.5078527018769876e-05
gi|948080602|ref|WP_056739344.1|	0.0	5.579054312278652e-06	0.0	0.0	0.0	0.0
gi|948137056|ref|WP_056795395.1|	7.30742855456558e-05	0.0	0.0	0.0	0.0	2.2049715789308137e-05
gi|950517283|ref|WP_057401815.1|	5.22519644926271e-06	1.1011153289897093e-05	0.0	0.0	0.0	9.811397524311145e-06
gi|950554518|ref|WP_057427257.1|	5.2399847411002474e-06	0.0	0.0	0.0	0.0	0.0
gi|950580033|ref|WP_057445338.1|	0.0	0.0	0.0	0.0	0.0	4.955251274904618e-06
gi|950633713|ref|WP_057483912.1|	0.0	0.0	1.0111646458654869e-05	1.945181119204889e-05	0.0	0.0
gi|950763791|ref|WP_057508902.1|	0.0	0.0	4.9400410179687916e-06	0.0	0.0	0.0
gi|951150103|ref|WP_057630678.1|	5.193984875052421e-06	0.0	0.0	0.0	0.0	0.0
gi|951155204|ref|WP_057635531.1|	0.0	5.589711531595325e-06	0.0	0.0	0.0	0.0
gi|951157033|ref|WP_057637070.1|	0.0	1.11901108481459e-05	0.0	8.950064713680011e-06	2.053057300313326e-05	0.0
gi|951161669|ref|WP_057641377.1|	0.0	1.709503419607894e-05	0.0	0.0	1.0245696260151426e-05	0.0
gi|951185348|ref|WP_057663064.1|	1.052409566949397e-05	0.0	0.0	0.0	5.189449364766659e-06	0.0
gi|951403324|ref|WP_057777625.1|	0.0	0.0	0.0	0.0	1.3659885607509218e-05	0.0
gi|953808775|ref|WP_058042812.1|	5.426486829582829e-05	2.8877111711744928e-05	0.00010013723145581581	4.914141774833405e-05	2.6758098287078092e-05	2.599061894024808e-05
gi|959843707|ref|WP_058131000.1|	9.056060585162383e-05	0.0	0.0	0.0	0.0	0.0
gi|966396486|ref|WP_058441292.1|	0.0	0.0	0.0	2.791984519697132e-05	9.692993145573098e-06	0.0
gi|966407319|ref|WP_058450725.1|	0.0	0.0	4.777419705362211e-06	0.0	0.0	0.0
gi|966432980|ref|WP_058473413.1|	0.0	0.0	0.0	2.7364880702025567e-05	0.0	0.0
gi|966433657|ref|WP_058474090.1|	1.196328823968118e-05	0.0	0.0	0.0	2.3598878418986143e-05	0.0
gi|966441110|ref|WP_058481433.1|	0.0	1.2599979490103372e-05	6.690487552212749e-05	4.377726299045728e-05	0.0	0.0
gi|966458774|ref|WP_058491627.1|	2.441487395853302e-05	0.0	1.1378380190838007e-05	2.188863149522864e-05	0.0	0.0
gi|966461601|ref|WP_058493954.1|	0.0	0.0	4.911919342344681e-06	0.0	0.0	4.997563667195076e-06
gi|966506160|ref|WP_058522806.1|	0.0	0.0	1.4569877073634034e-05	0.0	0.0	4.743653678250156e-06
gi|966510466|ref|WP_058527057.1|	0.0	0.0	4.90261646480236e-06	0.0	0.0	0.0
gi|966511896|ref|WP_058528450.1|	0.0	5.628525239550968e-06	0.0	0.0	0.0	0.0
gi|966514950|ref|WP_058531469.1|	0.0	0.0	4.907263494626818e-06	0.0	0.0	4.793113574421484e-06
gi|970297680|ref|WP_058670439.1|	0.0	0.0	1.0111646458654869e-05	0.0	0.0	0.0
gi|970316164|ref|WP_058684530.1|	0.0	0.0	0.0	0.0	8.093991919673372e-05	0.0
gi|970317850|ref|WP_058685394.1|	0.0	0.0	0.0	0.0	4.191992624900774e-05	0.0
gi|970529325|ref|WP_058800662.1|	0.0	0.0	0.0	0.0	1.0591747238635076e-05	0.0
gi|970558766|ref|WP_058820271.1|	8.400148378171199e-06	0.0	0.0	0.0	0.0	0.0
gi|971845730|ref|WP_058914924.1|	8.571579977725713e-06	9.215841480190704e-06	0.0	0.0	0.0	8.128753248801866e-06
gi|972342892|ref|WP_058998952.1|	0.0	0.0	0.0	0.0	0.0	5.714483538508271e-05
gi|974628099|ref|WP_059215553.1|	0.0	0.0	0.0	0.0	0.0	1.0684446460899818e-05
gi|974652669|ref|WP_059238406.1|	0.0	0.0	0.0	0.0	8.368787941637591e-06	0.0
gi|974662324|ref|WP_059247051.1|	5.9724557264153353e-05	0.0	0.0	0.00010708954118633368	0.0	0.0
gi|974688082|ref|WP_059271287.1|	0.0	0.0	0.0	0.0	7.197157629808329e-06	0.0
gi|979505419|ref|WP_059334195.1|	1.7143159955451426e-05	0.0	0.0	0.0	0.0	0.0
gi|979830739|ref|WP_059342912.1|	0.0	0.0	0.0	0.0	8.368787941637591e-06	0.0
gi|981221320|ref|WP_059443281.1|	0.0	0.0002001742551674942	0.0	0.0	0.0	4.4140492501873825e-05
gi|985599614|ref|WP_060839111.1|	2.580506933124269e-05	5.639155126688931e-06	0.0	0.0	0.0	4.476571194241029e-06
gi|987444470|gb|AMD83510.1|	0.0	0.0	0.0	0.0	0.0	7.94085241993509e-05
gi|998245120|ref|WP_061098715.1|	0.0	9.059486027214095e-06	0.0	0.0	0.0	0.0
